UE positions (x y z)
96.5772 -1.9635 1.6000
91.5804 -2.1433 1.6000
94.1148 -3.0528 1.6000
94.0428 -1.0541 1.6000
96.7446 -1.9873 1.6000
91.7462 -2.1113 1.6000
94.2702 -3.0490 1.6000
94.2206 -1.0496 1.6000
96.9108 -1.9620 1.6000
91.9135 -2.1256 1.6000
94.4448 -3.0433 1.6000
94.3794 -1.0444 1.6000
97.0777 -1.9654 1.6000
92.0798 -2.1124 1.6000
94.6082 -3.0385 1.6000
94.5494 -1.0394 1.6000
97.2442 -1.9532 1.6000
92.2467 -2.1139 1.6000
94.7776 -3.0330 1.6000
94.7133 -1.0341 1.6000
97.4113 -1.9650 1.6000
92.4129 -2.0936 1.6000
94.9378 -3.0290 1.6000
94.8864 -1.0296 1.6000
97.5781 -1.9696 1.6000
92.5794 -2.0815 1.6000
95.1011 -3.0253 1.6000
95.0564 -1.0258 1.6000
97.7449 -1.9740 1.6000
92.7459 -2.0707 1.6000
95.2647 -3.0221 1.6000
95.2261 -1.0225 1.6000
97.9116 -1.9728 1.6000
92.9125 -2.0657 1.6000
95.4306 -3.0191 1.6000
95.3935 -1.0194 1.6000
98.0784 -1.9766 1.6000
93.0790 -2.0566 1.6000
95.5947 -3.0164 1.6000
95.5627 -1.0167 1.6000
98.2449 -1.9606 1.6000
93.2460 -2.0655 1.6000
95.7664 -3.0128 1.6000
95.7244 -1.0133 1.6000
98.4118 -1.9793 1.6000
93.4122 -2.0426 1.6000
95.9247 -3.0109 1.6000
95.8994 -1.0110 1.6000
98.5787 -1.9991 1.6000
93.5787 -2.0213 1.6000
96.0831 -3.0102 1.6000
96.0742 -1.0102 1.6000
98.7451 -1.9700 1.6000
93.7457 -2.0454 1.6000
96.2605 -3.0076 1.6000
96.2303 -1.0078 1.6000
98.9120 -1.9916 1.6000
93.9121 -2.0218 1.6000
96.4181 -3.0067 1.6000
96.4060 -1.0067 1.6000
99.0784 -1.9638 1.6000
94.0790 -2.0442 1.6000
96.5948 -3.0039 1.6000
96.5626 -1.0042 1.6000
99.2453 -1.9972 1.6000
94.2453 -2.0100 1.6000
96.7479 -3.0036 1.6000
96.7428 -1.0036 1.6000
99.4119 -1.9824 1.6000
94.4121 -2.0221 1.6000
96.9200 -3.0022 1.6000
96.9041 -1.0023 1.6000
99.5786 -1.9753 1.6000
94.5788 -2.0259 1.6000
97.0888 -3.0005 1.6000
97.0686 -1.0006 1.6000
99.7449 -1.9489 1.6000
94.7459 -2.0458 1.6000
97.2648 -2.9972 1.6000
97.2260 -0.9975 1.6000
99.9117 -1.9514 1.6000
94.9124 -2.0375 1.6000
97.4293 -2.9943 1.6000
97.3948 -0.9946 1.6000
100.0780 -1.9534 1.6000
95.0790 -2.0304 1.6000
97.5941 -2.9918 1.6000
97.5633 -0.9920 1.6000
100.2450 -1.9405 1.6000
95.2459 -2.0369 1.6000
97.7647 -2.9885 1.6000
97.7261 -0.9889 1.6000
100.4120 -1.9522 1.6000
95.4123 -2.0207 1.6000
97.9257 -2.9863 1.6000
97.8983 -0.9865 1.6000
100.5780 -1.9489 1.6000
95.5790 -2.0193 1.6000
98.0928 -2.9840 1.6000
98.0646 -0.9842 1.6000
100.7450 -1.9287 1.6000
95.7459 -2.0325 1.6000
98.2662 -2.9804 1.6000
98.2246 -0.9808 1.6000
100.9120 -1.9471 1.6000
95.9122 -2.0100 1.6000
98.4246 -2.9784 1.6000
98.3995 -0.9786 1.6000
101.0780 -1.9356 1.6000
96.0790 -2.0160 1.6000
98.5948 -2.9757 1.6000
98.5626 -0.9760 1.6000
101.2450 -1.9507 1.6000
96.2455 -1.9979 1.6000
98.7548 -2.9742 1.6000
98.7359 -0.9743 1.6000
101.4120 -1.9213 1.6000
96.4126 -2.0206 1.6000
98.9319 -2.9707 1.6000
98.8922 -0.9711 1.6000
101.5780 -1.9305 1.6000
96.5790 -2.0064 1.6000
99.0939 -2.9683 1.6000
99.0635 -0.9685 1.6000
101.7450 -1.9316 1.6000
96.7456 -2.0006 1.6000
99.2592 -2.9660 1.6000
99.2316 -0.9662 1.6000
101.9120 -1.9328 1.6000
96.9122 -1.9952 1.6000
99.4245 -2.9640 1.6000
99.3996 -0.9641 1.6000
102.0780 -1.9001 1.6000
97.0795 -2.0200 1.6000
99.6027 -2.9598 1.6000
99.5548 -0.9603 1.6000
102.2450 -1.9137 1.6000
97.2458 -2.0006 1.6000
99.7628 -2.9570 1.6000
99.7280 -0.9573 1.6000
102.4110 -1.8882 1.6000
97.4129 -2.0175 1.6000
99.9379 -2.9525 1.6000
99.8862 -0.9532 1.6000
102.5780 -1.8855 1.6000
97.5795 -2.0117 1.6000
100.1040 -2.9483 1.6000
100.0540 -0.9489 1.6000
102.7450 -1.9045 1.6000
97.7457 -1.9872 1.6000
100.2620 -2.9457 1.6000
100.2290 -0.9460 1.6000
102.9120 -1.8921 1.6000
97.9126 -1.9930 1.6000
100.4320 -2.9423 1.6000
100.3920 -0.9427 1.6000
103.0780 -1.9070 1.6000
98.0789 -1.9736 1.6000
100.5920 -2.9402 1.6000
100.5650 -0.9404 1.6000
103.2450 -1.9065 1.6000
98.2456 -1.9699 1.6000
100.7580 -2.9381 1.6000
100.7330 -0.9383 1.6000
103.4120 -1.8989 1.6000
98.4123 -1.9726 1.6000
100.9270 -2.9356 1.6000
100.8970 -0.9358 1.6000
103.5780 -1.8989 1.6000
98.5790 -1.9679 1.6000
101.0930 -2.9333 1.6000
101.0650 -0.9335 1.6000
103.7450 -1.9117 1.6000
98.7454 -1.9525 1.6000
101.2540 -2.9320 1.6000
101.2370 -0.9321 1.6000
103.9120 -1.8992 1.6000
98.9122 -1.9608 1.6000
101.4240 -2.9299 1.6000
101.4000 -0.9301 1.6000
104.0790 -1.9188 1.6000
99.0787 -1.9398 1.6000
101.5830 -2.9293 1.6000
101.5740 -0.9293 1.6000
104.2450 -1.9028 1.6000
99.2455 -1.9525 1.6000
101.7550 -2.9276 1.6000
101.7350 -0.9277 1.6000
104.4120 -1.9077 1.6000
99.4121 -1.9451 1.6000
101.9200 -2.9264 1.6000
101.9050 -0.9264 1.6000
104.5790 -1.9009 1.6000
99.5788 -1.9487 1.6000
102.0880 -2.9248 1.6000
102.0690 -0.9249 1.6000
104.7450 -1.9038 1.6000
99.7454 -1.9432 1.6000
102.2530 -2.9235 1.6000
102.2370 -0.9235 1.6000
104.9120 -1.9044 1.6000
99.9121 -1.9402 1.6000
102.4190 -2.9223 1.6000
102.4050 -0.9223 1.6000
105.0780 -1.8801 1.6000
100.0790 -1.9592 1.6000
102.5950 -2.9195 1.6000
102.5630 -0.9198 1.6000
105.2450 -1.8502 1.6000
100.2460 -1.9804 1.6000
102.7710 -2.9150 1.6000
102.7190 -0.9157 1.6000
105.4120 -1.8584 1.6000
100.4130 -1.9652 1.6000
102.9330 -2.9115 1.6000
102.8910 -0.9120 1.6000
105.5780 -1.8598 1.6000
100.5790 -1.9572 1.6000
103.0980 -2.9083 1.6000
103.0590 -0.9087 1.6000
105.7450 -1.8642 1.6000
100.7460 -1.9473 1.6000
103.2620 -2.9056 1.6000
103.2290 -0.9059 1.6000
105.9110 -1.8438 1.6000
100.9130 -1.9599 1.6000
103.4350 -2.9016 1.6000
103.3890 -0.9021 1.6000
106.0780 -1.8369 1.6000
101.0790 -1.9587 1.6000
103.6030 -2.8975 1.6000
103.5540 -0.8981 1.6000
106.2450 -1.8409 1.6000
101.2460 -1.9476 1.6000
103.7670 -2.8940 1.6000
103.7240 -0.8945 1.6000
106.4110 -1.8237 1.6000
101.4130 -1.9560 1.6000
103.9390 -2.8895 1.6000
103.8860 -0.8902 1.6000
106.5780 -1.8095 1.6000
101.5800 -1.9601 1.6000
104.1090 -2.8844 1.6000
104.0490 -0.8853 1.6000
106.7440 -1.8072 1.6000
101.7460 -1.9527 1.6000
104.2750 -2.8796 1.6000
104.2160 -0.8804 1.6000
106.9110 -1.7950 1.6000
101.9130 -1.9543 1.6000
104.4440 -2.8742 1.6000
104.3800 -0.8752 1.6000
107.0780 -1.7957 1.6000
102.0800 -1.9437 1.6000
104.6080 -2.8693 1.6000
104.5490 -0.8702 1.6000
107.2430 -1.7591 1.6000
102.2480 -1.9665 1.6000
104.7870 -2.8620 1.6000
104.7040 -0.8637 1.6000
107.4110 -1.7916 1.6000
102.4130 -1.9251 1.6000
104.9390 -2.8580 1.6000
104.8850 -0.8587 1.6000
107.5770 -1.7591 1.6000
102.5810 -1.9452 1.6000
105.1160 -2.8515 1.6000
105.0420 -0.8529 1.6000
107.7440 -1.7777 1.6000
102.7460 -1.9173 1.6000
105.2730 -2.8471 1.6000
105.2180 -0.8479 1.6000
107.9110 -1.7871 1.6000
102.9130 -1.9004 1.6000
105.4350 -2.8435 1.6000
105.3890 -0.8440 1.6000
108.0780 -1.7937 1.6000
103.0790 -1.8875 1.6000
105.5970 -2.8404 1.6000
105.5600 -0.8408 1.6000
108.2450 -1.7910 1.6000
103.2460 -1.8840 1.6000
105.7640 -2.8373 1.6000
105.7270 -0.8377 1.6000
108.4110 -1.7662 1.6000
103.4130 -1.8999 1.6000
105.9390 -2.8327 1.6000
105.8850 -0.8334 1.6000
108.5780 -1.7819 1.6000
103.5790 -1.8779 1.6000
106.0980 -2.8297 1.6000
106.0600 -0.8300 1.6000
108.7450 -1.7868 1.6000
103.7460 -1.8675 1.6000
106.2620 -2.8270 1.6000
106.2290 -0.8273 1.6000
108.9120 -1.7903 1.6000
103.9120 -1.8594 1.6000
106.4260 -2.8248 1.6000
106.3980 -0.8250 1.6000
109.0790 -1.7959 1.6000
104.0790 -1.8502 1.6000
106.5900 -2.8230 1.6000
106.5680 -0.8231 1.6000
109.2450 -1.8008 1.6000
104.2450 -1.8426 1.6000
106.7540 -2.8216 1.6000
106.7370 -0.8217 1.6000
109.4120 -1.7887 1.6000
104.4120 -1.8505 1.6000
106.9240 -2.8195 1.6000
106.9000 -0.8197 1.6000
109.5790 -1.7875 1.6000
104.5790 -1.8477 1.6000
107.0910 -2.8175 1.6000
107.0670 -0.8177 1.6000
109.7450 -1.7830 1.6000
104.7460 -1.8478 1.6000
107.2580 -2.8154 1.6000
107.2320 -0.8155 1.6000
109.9120 -1.7749 1.6000
104.9120 -1.8509 1.6000
107.4270 -2.8128 1.6000
107.3970 -0.8130 1.6000
110.0780 -1.7599 1.6000
105.0790 -1.8593 1.6000
107.5990 -2.8094 1.6000
107.5590 -0.8098 1.6000
110.2450 -1.7684 1.6000
105.2460 -1.8457 1.6000
107.7610 -2.8069 1.6000
107.7300 -0.8071 1.6000
110.4120 -1.7570 1.6000
105.4130 -1.8508 1.6000
107.9310 -2.8037 1.6000
107.8930 -0.8041 1.6000
110.5790 -1.7712 1.6000
105.5790 -1.8325 1.6000
108.0910 -2.8018 1.6000
108.0660 -0.8019 1.6000
110.7450 -1.7638 1.6000
105.7460 -1.8351 1.6000
108.2600 -2.7994 1.6000
108.2310 -0.7996 1.6000
110.9120 -1.7501 1.6000
105.9120 -1.8426 1.6000
108.4310 -2.7962 1.6000
108.3940 -0.7966 1.6000
111.0790 -1.7743 1.6000
106.0790 -1.8157 1.6000
108.5870 -2.7950 1.6000
108.5700 -0.7950 1.6000
111.2450 -1.7815 1.6000
106.2450 -1.8068 1.6000
108.7500 -2.7941 1.6000
108.7400 -0.7942 1.6000
111.4120 -1.7612 1.6000
106.4120 -1.8230 1.6000
108.9240 -2.7920 1.6000
108.9000 -0.7922 1.6000
111.5780 -1.7442 1.6000
106.5790 -1.8340 1.6000
109.0970 -2.7889 1.6000
109.0610 -0.7893 1.6000
111.7450 -1.7480 1.6000
106.7460 -1.8250 1.6000
109.2610 -2.7864 1.6000
109.2300 -0.7867 1.6000
111.9120 -1.7396 1.6000
106.9120 -1.8276 1.6000
109.4300 -2.7835 1.6000
109.3940 -0.7838 1.6000
112.0780 -1.7002 1.6000
107.0800 -1.8566 1.6000
109.6100 -2.7779 1.6000
109.5470 -0.7789 1.6000
112.2450 -1.7425 1.6000
107.2460 -1.8098 1.6000
109.7590 -2.7761 1.6000
109.7320 -0.7762 1.6000
112.4120 -1.7301 1.6000
107.4120 -1.8165 1.6000
109.9290 -2.7731 1.6000
109.8950 -0.7734 1.6000
112.5790 -1.7508 1.6000
107.5790 -1.7929 1.6000
110.0870 -2.7718 1.6000
110.0700 -0.7719 1.6000
112.7450 -1.7109 1.6000
107.7460 -1.8252 1.6000
110.2680 -2.7678 1.6000
110.2230 -0.7683 1.6000
112.9120 -1.7375 1.6000
107.9120 -1.7947 1.6000
110.4230 -2.7661 1.6000
110.4010 -0.7662 1.6000
113.0780 -1.7008 1.6000
108.0790 -1.8233 1.6000
110.6030 -2.7618 1.6000
110.5540 -0.7624 1.6000
113.2450 -1.7029 1.6000
108.2460 -1.8138 1.6000
110.7680 -2.7581 1.6000
110.7230 -0.7586 1.6000
113.4120 -1.7039 1.6000
108.4130 -1.8060 1.6000
110.9320 -2.7548 1.6000
110.8920 -0.7552 1.6000
113.5780 -1.7040 1.6000
108.5790 -1.7996 1.6000
111.0980 -2.7516 1.6000
111.0600 -0.7520 1.6000
113.7450 -1.6915 1.6000
108.7460 -1.8045 1.6000
111.2680 -2.7477 1.6000
111.2230 -0.7483 1.6000
113.9120 -1.6979 1.6000
108.9130 -1.7918 1.6000
111.4310 -2.7447 1.6000
111.3930 -0.7450 1.6000
114.0780 -1.6759 1.6000
109.0800 -1.8052 1.6000
111.6050 -2.7402 1.6000
111.5530 -0.7409 1.6000
114.2450 -1.6817 1.6000
109.2460 -1.7921 1.6000
111.7670 -2.7366 1.6000
111.7230 -0.7371 1.6000
114.4110 -1.6747 1.6000
109.4130 -1.7913 1.6000
111.9350 -2.7327 1.6000
111.8890 -0.7333 1.6000
114.5780 -1.6621 1.6000
109.5800 -1.7951 1.6000
112.1050 -2.7282 1.6000
112.0520 -0.7289 1.6000
114.7450 -1.6767 1.6000
109.7460 -1.7739 1.6000
112.2650 -2.7251 1.6000
112.2260 -0.7255 1.6000
114.9120 -1.6684 1.6000
109.9130 -1.7752 1.6000
112.4330 -2.7215 1.6000
112.3910 -0.7220 1.6000
115.0780 -1.6811 1.6000
110.0790 -1.7574 1.6000
112.5940 -2.7191 1.6000
112.5630 -0.7193 1.6000
115.2450 -1.6861 1.6000
110.2460 -1.7482 1.6000
112.7580 -2.7171 1.6000
112.7330 -0.7172 1.6000
115.4110 -1.6564 1.6000
110.4130 -1.7703 1.6000
112.9350 -2.7131 1.6000
112.8890 -0.7136 1.6000
115.5780 -1.6579 1.6000
110.5790 -1.7619 1.6000
113.1000 -2.7097 1.6000
113.0580 -0.7101 1.6000
115.7450 -1.6899 1.6000
110.7450 -1.7274 1.6000
113.2530 -2.7086 1.6000
113.2380 -0.7087 1.6000
115.9120 -1.6638 1.6000
110.9120 -1.7478 1.6000
113.4290 -2.7057 1.6000
113.3950 -0.7060 1.6000
116.0790 -1.6906 1.6000
111.0790 -1.7192 1.6000
113.5840 -2.7049 1.6000
113.5730 -0.7049 1.6000
116.2450 -1.6640 1.6000
111.2460 -1.7407 1.6000
113.7610 -2.7022 1.6000
113.7300 -0.7024 1.6000
116.4120 -1.6677 1.6000
111.4120 -1.7326 1.6000
113.9250 -2.7001 1.6000
113.8990 -0.7002 1.6000
116.5790 -1.6902 1.6000
111.5790 -1.7089 1.6000
114.0820 -2.6995 1.6000
114.0750 -0.6995 1.6000
116.7450 -1.6536 1.6000
111.7460 -1.7398 1.6000
114.2630 -2.6965 1.6000
114.2280 -0.6968 1.6000
116.9120 -1.6864 1.6000
111.9120 -1.7056 1.6000
114.4160 -2.6960 1.6000
114.4080 -0.6960 1.6000
117.0790 -1.6895 1.6000
112.0790 -1.7017 1.6000
114.5810 -2.6956 1.6000
114.5760 -0.6956 1.6000
117.2450 -1.6983 1.6000
112.2450 -1.6933 1.6000
114.7440 -2.6958 1.6000
114.7460 -0.6958 1.6000
117.4120 -1.7114 1.6000
112.4120 -1.6821 1.6000
114.9060 -2.6967 1.6000
114.9180 -0.6968 1.6000
117.5790 -1.7009 1.6000
112.5790 -1.6931 1.6000
115.0770 -2.6970 1.6000
115.0800 -0.6970 1.6000
117.7450 -1.7162 1.6000
112.7450 -1.6802 1.6000
115.2380 -2.6982 1.6000
115.2530 -0.6982 1.6000
117.9120 -1.7128 1.6000
112.9120 -1.6855 1.6000
115.4070 -2.6991 1.6000
115.4170 -0.6991 1.6000
118.0790 -1.7160 1.6000
113.0790 -1.6844 1.6000
115.5720 -2.7002 1.6000
115.5850 -0.7002 1.6000
118.2450 -1.7136 1.6000
113.2450 -1.6884 1.6000
115.7400 -2.7010 1.6000
115.7500 -0.7010 1.6000
118.4120 -1.7237 1.6000
113.4120 -1.6812 1.6000
115.9030 -2.7024 1.6000
115.9200 -0.7025 1.6000
118.5790 -1.6894 1.6000
113.5790 -1.7138 1.6000
116.0840 -2.7016 1.6000
116.0740 -0.7016 1.6000
118.7450 -1.7126 1.6000
113.7450 -1.6920 1.6000
116.2410 -2.7023 1.6000
116.2490 -0.7023 1.6000
118.9120 -1.7160 1.6000
113.9120 -1.6904 1.6000
116.4070 -2.7031 1.6000
116.4170 -0.7032 1.6000
119.0790 -1.6902 1.6000
114.0790 -1.7145 1.6000
116.5840 -2.7023 1.6000
116.5740 -0.7024 1.6000
119.2450 -1.6938 1.6000
114.2450 -1.7099 1.6000
116.7490 -2.7018 1.6000
116.7420 -0.7018 1.6000
119.4120 -1.7010 1.6000
114.4120 -1.7026 1.6000
116.9120 -2.7018 1.6000
116.9120 -0.7018 1.6000
119.5790 -1.7101 1.6000
114.5790 -1.6944 1.6000
117.0760 -2.7023 1.6000
117.0820 -0.7023 1.6000
119.7450 -1.7005 1.6000
114.7450 -1.7039 1.6000
117.2460 -2.7022 1.6000
117.2450 -0.7022 1.6000
119.9120 -1.7135 1.6000
114.9120 -1.6923 1.6000
117.4080 -2.7029 1.6000
117.4160 -0.7029 1.6000
120.0790 -1.6979 1.6000
115.0790 -1.7072 1.6000
117.5810 -2.7026 1.6000
117.5770 -0.7026 1.6000
120.2450 -1.7059 1.6000
115.2450 -1.6997 1.6000
117.7440 -2.7028 1.6000
117.7470 -0.7028 1.6000
120.4120 -1.7006 1.6000
115.4120 -1.7046 1.6000
117.9130 -2.7026 1.6000
117.9110 -0.7026 1.6000
120.5790 -1.6973 1.6000
115.5790 -1.7073 1.6000
118.0810 -2.7023 1.6000
118.0770 -0.7023 1.6000
120.7450 -1.6928 1.6000
115.7450 -1.7106 1.6000
118.2490 -2.7017 1.6000
118.2420 -0.7017 1.6000
120.9120 -1.6957 1.6000
115.9120 -1.7070 1.6000
118.4140 -2.7013 1.6000
118.4100 -0.7013 1.6000
121.0790 -1.6729 1.6000
116.0790 -1.7262 1.6000
118.5890 -2.6995 1.6000
118.5680 -0.6996 1.6000
121.2450 -1.6631 1.6000
116.2460 -1.7314 1.6000
118.7590 -2.6972 1.6000
118.7320 -0.6974 1.6000
121.4120 -1.6738 1.6000
116.4120 -1.7178 1.6000
118.9210 -2.6958 1.6000
118.9030 -0.6959 1.6000
121.5790 -1.6780 1.6000
116.5790 -1.7114 1.6000
119.0850 -2.6947 1.6000
119.0720 -0.6947 1.6000
121.7450 -1.6651 1.6000
116.7460 -1.7206 1.6000
119.2560 -2.6928 1.6000
119.2340 -0.6929 1.6000
121.9120 -1.6670 1.6000
116.9120 -1.7155 1.6000
119.4220 -2.6912 1.6000
119.4020 -0.6913 1.6000
122.0790 -1.6768 1.6000
117.0790 -1.7038 1.6000
119.5840 -2.6903 1.6000
119.5730 -0.6904 1.6000
122.2450 -1.6729 1.6000
117.2450 -1.7056 1.6000
119.7520 -2.6892 1.6000
119.7390 -0.6893 1.6000
122.4120 -1.6690 1.6000
117.4120 -1.7069 1.6000
119.9200 -2.6880 1.6000
119.9040 -0.6880 1.6000
122.5790 -1.6784 1.6000
117.5790 -1.6964 1.6000
120.0820 -2.6874 1.6000
120.0750 -0.6874 1.6000
122.7450 -1.6902 1.6000
117.7450 -1.6849 1.6000
120.2440 -2.6876 1.6000
120.2460 -0.6876 1.6000
122.9120 -1.6988 1.6000
117.9120 -1.6778 1.6000
120.4080 -2.6883 1.6000
120.4160 -0.6883 1.6000
123.0790 -1.7046 1.6000
118.0790 -1.6740 1.6000
120.5730 -2.6893 1.6000
120.5850 -0.6893 1.6000
123.2450 -1.7027 1.6000
118.2450 -1.6775 1.6000
120.7400 -2.6901 1.6000
120.7500 -0.6901 1.6000
123.4120 -1.6654 1.6000
118.4120 -1.7118 1.6000
120.9210 -2.6885 1.6000
120.9030 -0.6886 1.6000
123.5790 -1.6939 1.6000
118.5790 -1.6839 1.6000
121.0770 -2.6889 1.6000
121.0810 -0.6889 1.6000
123.7450 -1.6958 1.6000
118.7450 -1.6829 1.6000
121.2430 -2.6893 1.6000
121.2480 -0.6893 1.6000
123.9120 -1.7135 1.6000
118.9120 -1.6682 1.6000
121.4030 -2.6908 1.6000
121.4210 -0.6909 1.6000
124.0790 -1.6996 1.6000
119.0790 -1.6832 1.6000
121.5750 -2.6914 1.6000
121.5820 -0.6914 1.6000
124.2450 -1.7129 1.6000
119.2450 -1.6726 1.6000
121.7370 -2.6927 1.6000
121.7530 -0.6928 1.6000
124.4120 -1.6944 1.6000
119.4120 -1.6913 1.6000
121.9110 -2.6928 1.6000
121.9130 -0.6928 1.6000
124.5780 -1.7312 1.6000
119.5790 -1.6593 1.6000
122.0640 -2.6951 1.6000
122.0930 -0.6953 1.6000
124.7450 -1.7234 1.6000
119.7450 -1.6705 1.6000
122.2350 -2.6969 1.6000
122.2560 -0.6971 1.6000
124.9110 -1.7487 1.6000
119.9120 -1.6518 1.6000
122.3930 -2.7000 1.6000
122.4310 -0.7004 1.6000
125.0780 -1.7449 1.6000
120.0790 -1.6612 1.6000
122.5620 -2.7029 1.6000
122.5950 -0.7032 1.6000
125.2450 -1.7620 1.6000
120.2460 -1.6514 1.6000
122.7230 -2.7065 1.6000
122.7670 -0.7069 1.6000
125.4110 -1.7710 1.6000
120.4130 -1.6504 1.6000
122.8880 -2.7104 1.6000
122.9360 -0.7110 1.6000
125.5780 -1.7871 1.6000
120.5800 -1.6439 1.6000
123.0500 -2.7151 1.6000
123.1070 -0.7159 1.6000
125.7440 -1.7892 1.6000
120.7460 -1.6510 1.6000
123.2180 -2.7197 1.6000
123.2730 -0.7205 1.6000
125.9110 -1.8028 1.6000
120.9130 -1.6477 1.6000
123.3810 -2.7248 1.6000
123.4430 -0.7258 1.6000
126.0780 -1.7845 1.6000
121.0790 -1.6734 1.6000
123.5560 -2.7287 1.6000
123.6010 -0.7292 1.6000
126.2440 -1.7949 1.6000
121.2460 -1.6713 1.6000
123.7210 -2.7328 1.6000
123.7700 -0.7334 1.6000
126.4110 -1.8134 1.6000
121.4130 -1.6628 1.6000
123.8820 -2.7377 1.6000
123.9420 -0.7386 1.6000
126.5770 -1.8339 1.6000
121.5800 -1.6543 1.6000
124.0430 -2.7435 1.6000
124.1140 -0.7447 1.6000
126.7440 -1.8120 1.6000
121.7460 -1.6847 1.6000
124.2200 -2.7480 1.6000
124.2710 -0.7487 1.6000
126.9120 -1.7944 1.6000
121.9120 -1.7081 1.6000
124.3950 -2.7511 1.6000
124.4290 -0.7514 1.6000
127.0770 -1.8480 1.6000
122.0800 -1.6666 1.6000
124.5420 -2.7566 1.6000
124.6150 -0.7579 1.6000
127.2450 -1.8089 1.6000
122.2460 -1.7121 1.6000
124.7260 -2.7603 1.6000
124.7650 -0.7607 1.6000
127.4110 -1.8324 1.6000
122.4130 -1.6975 1.6000
124.8850 -2.7646 1.6000
124.9390 -0.7654 1.6000
127.5780 -1.8162 1.6000
122.5790 -1.7202 1.6000
125.0590 -2.7680 1.6000
125.0980 -0.7684 1.6000
127.7450 -1.8298 1.6000
122.7460 -1.7142 1.6000
125.2220 -2.7718 1.6000
125.2680 -0.7723 1.6000
127.9110 -1.8255 1.6000
122.9120 -1.7253 1.6000
125.3920 -2.7752 1.6000
125.4320 -0.7756 1.6000
128.0780 -1.8101 1.6000
123.0790 -1.7450 1.6000
125.5660 -2.7775 1.6000
125.5920 -0.7776 1.6000
128.2450 -1.8107 1.6000
123.2450 -1.7485 1.6000
125.7330 -2.7795 1.6000
125.7580 -0.7797 1.6000
128.4120 -1.8277 1.6000
123.4120 -1.7375 1.6000
125.8940 -2.7825 1.6000
125.9300 -0.7828 1.6000
128.5780 -1.8236 1.6000
123.5790 -1.7467 1.6000
126.0630 -2.7851 1.6000
126.0940 -0.7853 1.6000
128.7450 -1.8188 1.6000
123.7450 -1.7558 1.6000
126.2330 -2.7872 1.6000
126.2580 -0.7874 1.6000
128.9110 -1.8414 1.6000
123.9120 -1.7400 1.6000
126.3920 -2.7905 1.6000
126.4320 -0.7909 1.6000
129.0780 -1.8295 1.6000
124.0790 -1.7567 1.6000
126.5640 -2.7930 1.6000
126.5930 -0.7932 1.6000
129.2450 -1.8170 1.6000
124.2450 -1.7722 1.6000
126.7360 -2.7946 1.6000
126.7540 -0.7946 1.6000
129.4120 -1.8354 1.6000
124.4120 -1.7589 1.6000
126.8970 -2.7970 1.6000
126.9270 -0.7973 1.6000
129.5790 -1.8054 1.6000
124.5790 -1.7899 1.6000
127.0760 -2.7977 1.6000
127.0820 -0.7977 1.6000
129.7450 -1.7974 1.6000
124.7450 -1.7979 1.6000
127.2450 -2.7976 1.6000
127.2450 -0.7977 1.6000
129.9120 -1.7985 1.6000
124.9120 -1.7969 1.6000
127.4120 -2.7977 1.6000
127.4120 -0.7977 1.6000
130.0790 -1.7950 1.6000
125.0790 -1.8001 1.6000
127.5800 -2.7975 1.6000
127.5780 -0.7975 1.6000
130.2450 -1.7911 1.6000
125.2450 -1.8031 1.6000
127.7480 -2.7971 1.6000
127.7430 -0.7971 1.6000
130.4120 -1.7995 1.6000
125.4120 -1.7950 1.6000
127.9110 -2.7973 1.6000
127.9130 -0.7973 1.6000
130.5790 -1.7884 1.6000
125.5790 -1.8051 1.6000
128.0820 -2.7967 1.6000
128.0750 -0.7967 1.6000
130.7450 -1.7988 1.6000
125.7450 -1.7949 1.6000
128.2450 -2.7969 1.6000
128.2460 -0.7969 1.6000
130.9120 -1.7588 1.6000
125.9120 -1.8301 1.6000
128.4260 -2.7944 1.6000
128.3980 -0.7946 1.6000
131.0790 -1.7722 1.6000
126.0790 -1.8140 1.6000
128.5870 -2.7931 1.6000
128.5700 -0.7931 1.6000
131.2450 -1.7547 1.6000
126.2460 -1.8267 1.6000
128.7600 -2.7906 1.6000
128.7310 -0.7908 1.6000
131.4120 -1.7663 1.6000
126.4120 -1.8120 1.6000
128.9210 -2.7891 1.6000
128.9030 -0.7892 1.6000
131.5780 -1.7307 1.6000
126.5790 -1.8403 1.6000
129.1010 -2.7853 1.6000
129.0570 -0.7858 1.6000
131.7450 -1.7497 1.6000
126.7460 -1.8169 1.6000
129.2590 -2.7832 1.6000
129.2320 -0.7834 1.6000
131.9120 -1.7409 1.6000
126.9120 -1.8204 1.6000
129.4280 -2.7805 1.6000
129.3960 -0.7807 1.6000
132.0780 -1.7144 1.6000
127.0800 -1.8385 1.6000
129.6040 -2.7762 1.6000
129.5540 -0.7768 1.6000
132.2450 -1.7281 1.6000
127.2460 -1.8188 1.6000
129.7640 -2.7733 1.6000
129.7270 -0.7736 1.6000
132.4110 -1.7036 1.6000
127.4130 -1.8346 1.6000
129.9380 -2.7687 1.6000
129.8860 -0.7694 1.6000
132.5770 -1.6816 1.6000
127.5800 -1.8456 1.6000
130.1120 -2.7631 1.6000
130.0460 -0.7642 1.6000
132.7440 -1.6853 1.6000
127.7470 -1.8322 1.6000
130.2750 -2.7583 1.6000
130.2160 -0.7592 1.6000
132.9100 -1.6551 1.6000
127.9140 -1.8494 1.6000
130.4510 -2.7515 1.6000
130.3730 -0.7530 1.6000
133.0780 -1.6796 1.6000
128.0800 -1.8158 1.6000
130.6060 -2.7473 1.6000
130.5520 -0.7481 1.6000
133.2440 -1.6472 1.6000
128.2470 -1.8356 1.6000
130.7830 -2.7407 1.6000
130.7080 -0.7421 1.6000
133.4110 -1.6759 1.6000
128.4130 -1.7987 1.6000
130.9370 -2.7370 1.6000
130.8880 -0.7376 1.6000
133.5770 -1.6518 1.6000
128.5800 -1.8121 1.6000
131.1110 -2.7315 1.6000
131.0470 -0.7325 1.6000
133.7450 -1.6627 1.6000
128.7460 -1.7927 1.6000
131.2710 -2.7273 1.6000
131.2190 -0.7280 1.6000
133.9110 -1.6467 1.6000
128.9130 -1.7985 1.6000
131.4420 -2.7221 1.6000
131.3820 -0.7231 1.6000
134.0770 -1.6334 1.6000
129.0800 -1.8006 1.6000
131.6120 -2.7165 1.6000
131.5450 -0.7176 1.6000
134.2440 -1.6401 1.6000
129.2460 -1.7843 1.6000
131.7740 -2.7118 1.6000
131.7170 -0.7126 1.6000
134.4110 -1.6229 1.6000
129.4140 -1.7904 1.6000
131.9460 -2.7061 1.6000
131.8790 -0.7072 1.6000
134.5770 -1.6200 1.6000
129.5800 -1.7825 1.6000
132.1110 -2.7007 1.6000
132.0460 -0.7017 1.6000
134.7440 -1.6236 1.6000
129.7460 -1.7692 1.6000
132.2750 -2.6959 1.6000
132.2160 -0.6968 1.6000
134.9110 -1.6060 1.6000
129.9140 -1.7754 1.6000
132.4460 -2.6901 1.6000
132.3780 -0.6913 1.6000
135.0770 -1.6022 1.6000
130.0800 -1.7682 1.6000
132.6120 -2.6846 1.6000
132.5460 -0.6857 1.6000
135.2440 -1.5932 1.6000
130.2470 -1.7657 1.6000
132.7800 -2.6788 1.6000
132.7110 -0.6800 1.6000
135.4110 -1.5965 1.6000
130.4130 -1.7520 1.6000
132.9430 -2.6738 1.6000
132.8810 -0.6747 1.6000
135.5780 -1.6027 1.6000
130.5800 -1.7369 1.6000
133.1060 -2.6694 1.6000
133.0520 -0.6701 1.6000
135.7450 -1.6067 1.6000
130.7460 -1.7250 1.6000
133.2690 -2.6656 1.6000
133.2220 -0.6661 1.6000
135.9110 -1.5996 1.6000
130.9130 -1.7238 1.6000
133.4370 -2.6614 1.6000
133.3870 -0.6620 1.6000
136.0780 -1.6033 1.6000
131.0790 -1.7128 1.6000
133.6010 -2.6578 1.6000
133.5570 -0.6583 1.6000
136.2450 -1.5979 1.6000
131.2460 -1.7107 1.6000
133.7680 -2.6540 1.6000
133.7230 -0.6545 1.6000
136.4110 -1.5780 1.6000
131.4130 -1.7210 1.6000
133.9410 -2.6491 1.6000
133.8840 -0.6499 1.6000
136.5780 -1.5909 1.6000
131.5790 -1.7009 1.6000
134.1010 -2.6456 1.6000
134.0570 -0.6461 1.6000
136.7450 -1.5852 1.6000
131.7460 -1.6989 1.6000
134.2680 -2.6418 1.6000
134.2230 -0.6423 1.6000
136.9120 -1.6112 1.6000
131.9120 -1.6691 1.6000
134.4240 -2.6401 1.6000
134.4000 -0.6402 1.6000
137.0780 -1.6001 1.6000
132.0790 -1.6752 1.6000
134.5940 -2.6375 1.6000
134.5640 -0.6377 1.6000
137.2450 -1.6155 1.6000
132.2450 -1.6570 1.6000
134.7540 -2.6362 1.6000
134.7370 -0.6363 1.6000
137.4120 -1.6160 1.6000
132.4120 -1.6540 1.6000
134.9200 -2.6349 1.6000
134.9040 -0.6350 1.6000
137.5790 -1.6057 1.6000
132.5790 -1.6606 1.6000
135.0900 -2.6331 1.6000
135.0680 -0.6332 1.6000
137.7450 -1.5738 1.6000
132.7460 -1.6851 1.6000
135.2680 -2.6292 1.6000
135.2230 -0.6297 1.6000
137.9120 -1.5868 1.6000
132.9120 -1.6668 1.6000
135.4280 -2.6267 1.6000
135.3960 -0.6269 1.6000
138.0780 -1.5809 1.6000
133.0790 -1.6669 1.6000
135.5960 -2.6238 1.6000
135.5620 -0.6241 1.6000
138.2450 -1.6072 1.6000
133.2450 -1.6385 1.6000
135.7520 -2.6228 1.6000
135.7390 -0.6229 1.6000
138.4120 -1.5835 1.6000
133.4120 -1.6573 1.6000
135.9270 -2.6203 1.6000
135.8970 -0.6205 1.6000
138.5790 -1.5891 1.6000
133.5790 -1.6478 1.6000
136.0900 -2.6184 1.6000
136.0670 -0.6185 1.6000
138.7450 -1.5676 1.6000
133.7460 -1.6630 1.6000
136.2640 -2.6151 1.6000
136.2260 -0.6154 1.6000
138.9120 -1.6073 1.6000
133.9120 -1.6222 1.6000
136.4150 -2.6148 1.6000
136.4090 -0.6148 1.6000
139.0780 -1.5708 1.6000
134.0790 -1.6533 1.6000
136.5950 -2.6119 1.6000
136.5620 -0.6122 1.6000
139.2450 -1.5909 1.6000
134.2450 -1.6305 1.6000
136.7530 -2.6107 1.6000
136.7370 -0.6107 1.6000
139.4120 -1.5624 1.6000
134.4120 -1.6529 1.6000
136.9300 -2.6075 1.6000
136.8940 -0.6078 1.6000
139.5790 -1.5871 1.6000
134.5790 -1.6257 1.6000
137.0860 -2.6064 1.6000
137.0710 -0.6064 1.6000
139.7450 -1.5752 1.6000
134.7460 -1.6337 1.6000
137.2570 -2.6044 1.6000
137.2340 -0.6045 1.6000
139.9120 -1.5753 1.6000
134.9120 -1.6300 1.6000
137.4230 -2.6026 1.6000
137.4010 -0.6027 1.6000
140.0790 -1.5726 1.6000
135.0790 -1.6289 1.6000
137.5900 -2.6007 1.6000
137.5670 -0.6008 1.6000
140.2450 -1.5727 1.6000
135.2460 -1.6253 1.6000
137.7560 -2.5989 1.6000
137.7350 -0.5990 1.6000
140.4120 -1.5933 1.6000
135.4120 -1.6040 1.6000
137.9140 -2.5986 1.6000
137.9100 -0.5986 1.6000
140.5790 -1.5695 1.6000
135.5790 -1.6241 1.6000
138.0900 -2.5968 1.6000
138.0680 -0.5969 1.6000
140.7450 -1.5586 1.6000
135.7460 -1.6302 1.6000
138.2600 -2.5943 1.6000
138.2310 -0.5945 1.6000
140.9120 -1.5696 1.6000
135.9120 -1.6162 1.6000
138.4210 -2.5928 1.6000
138.4030 -0.5929 1.6000
141.0790 -1.5673 1.6000
136.0790 -1.6152 1.6000
138.5880 -2.5912 1.6000
138.5690 -0.5913 1.6000
141.2450 -1.5576 1.6000
136.2460 -1.6207 1.6000
138.7580 -2.5891 1.6000
138.7330 -0.5893 1.6000
141.4120 -1.5557 1.6000
136.4120 -1.6185 1.6000
138.9250 -2.5870 1.6000
138.8990 -0.5872 1.6000
141.5780 -1.5413 1.6000
136.5790 -1.6272 1.6000
139.0960 -2.5841 1.6000
139.0620 -0.5844 1.6000
141.7450 -1.5584 1.6000
136.7450 -1.6068 1.6000
139.2550 -2.5825 1.6000
139.2360 -0.5826 1.6000
141.9120 -1.5453 1.6000
136.9120 -1.6153 1.6000
139.4260 -2.5802 1.6000
139.3980 -0.5804 1.6000
142.0790 -1.5690 1.6000
137.0790 -1.5901 1.6000
139.5830 -2.5795 1.6000
139.5740 -0.5796 1.6000
142.2450 -1.5442 1.6000
137.2460 -1.6105 1.6000
139.7590 -2.5773 1.6000
139.7320 -0.5774 1.6000
142.4120 -1.5314 1.6000
137.4120 -1.6176 1.6000
139.9290 -2.5743 1.6000
139.8950 -0.5746 1.6000
142.5780 -1.5306 1.6000
137.5790 -1.6128 1.6000
140.0950 -2.5716 1.6000
140.0620 -0.5719 1.6000
142.7450 -1.5417 1.6000
137.7460 -1.5980 1.6000
140.2570 -2.5698 1.6000
140.2340 -0.5699 1.6000
142.9120 -1.5477 1.6000
137.9120 -1.5893 1.6000
140.4200 -2.5684 1.6000
140.4040 -0.5685 1.6000
143.0790 -1.5441 1.6000
138.0790 -1.5897 1.6000
140.5880 -2.5669 1.6000
140.5700 -0.5670 1.6000
143.2450 -1.5803 1.6000
138.2450 -1.5553 1.6000
140.7400 -2.5678 1.6000
140.7500 -0.5678 1.6000
143.4120 -1.5448 1.6000
138.4120 -1.5879 1.6000
140.9210 -2.5663 1.6000
140.9030 -0.5664 1.6000
143.5790 -1.5659 1.6000
138.5790 -1.5668 1.6000
141.0790 -2.5663 1.6000
141.0780 -0.5663 1.6000
143.7450 -1.5780 1.6000
138.7450 -1.5561 1.6000
141.2410 -2.5670 1.6000
141.2500 -0.5671 1.6000
143.9120 -1.5867 1.6000
138.9120 -1.5499 1.6000
141.4050 -2.5682 1.6000
141.4190 -0.5683 1.6000
144.0790 -1.5899 1.6000
139.0790 -1.5493 1.6000
141.5710 -2.5696 1.6000
141.5870 -0.5697 1.6000
144.2450 -1.6252 1.6000
139.2460 -1.5210 1.6000
141.7240 -2.5729 1.6000
141.7660 -0.5733 1.6000
144.4120 -1.5954 1.6000
139.4120 -1.5536 1.6000
141.9040 -2.5745 1.6000
141.9200 -0.5745 1.6000
144.5790 -1.5941 1.6000
139.5790 -1.5573 1.6000
142.0710 -2.5757 1.6000
142.0860 -0.5757 1.6000
144.7450 -1.6076 1.6000
139.7450 -1.5479 1.6000
142.2330 -2.5776 1.6000
142.2570 -0.5778 1.6000
144.9120 -1.6030 1.6000
139.9120 -1.5556 1.6000
142.4020 -2.5793 1.6000
142.4210 -0.5793 1.6000
145.0790 -1.5947 1.6000
140.0790 -1.5658 1.6000
142.5730 -2.5802 1.6000
142.5840 -0.5803 1.6000
145.2450 -1.5900 1.6000
140.2450 -1.5717 1.6000
142.7420 -2.5809 1.6000
142.7490 -0.5809 1.6000
145.4120 -1.6076 1.6000
140.4120 -1.5575 1.6000
142.9020 -2.5825 1.6000
142.9220 -0.5826 1.6000
145.5790 -1.5973 1.6000
140.5790 -1.5696 1.6000
143.0730 -2.5834 1.6000
143.0840 -0.5835 1.6000
145.7450 -1.5762 1.6000
140.7450 -1.5898 1.6000
143.2480 -2.5830 1.6000
143.2430 -0.5830 1.6000
145.9120 -1.5911 1.6000
140.9120 -1.5759 1.6000
143.4090 -2.5835 1.6000
143.4150 -0.5835 1.6000
146.0790 -1.5832 1.6000
141.0790 -1.5837 1.6000
143.5790 -2.5835 1.6000
143.5790 -0.5835 1.6000
146.2450 -1.5825 1.6000
141.2450 -1.5844 1.6000
143.7460 -2.5834 1.6000
143.7450 -0.5834 1.6000
146.4120 -1.5966 1.6000
141.4120 -1.5719 1.6000
143.9070 -2.5842 1.6000
143.9170 -0.5843 1.6000
146.5790 -1.5647 1.6000
141.5790 -1.6014 1.6000
144.0860 -2.5830 1.6000
144.0710 -0.5831 1.6000
146.7450 -1.5965 1.6000
141.7450 -1.5712 1.6000
144.2400 -2.5839 1.6000
144.2500 -0.5839 1.6000
146.9120 -1.5885 1.6000
141.9120 -1.5798 1.6000
144.4100 -2.5842 1.6000
144.4140 -0.5842 1.6000
147.0790 -1.5877 1.6000
142.0790 -1.5811 1.6000
144.5770 -2.5844 1.6000
144.5800 -0.5844 1.6000
147.2450 -1.5978 1.6000
142.2450 -1.5726 1.6000
144.7400 -2.5852 1.6000
144.7500 -0.5852 1.6000
147.4120 -1.6121 1.6000
142.4120 -1.5617 1.6000
144.9020 -2.5869 1.6000
144.9220 -0.5869 1.6000
147.5780 -1.6269 1.6000
142.5790 -1.5519 1.6000
145.0640 -2.5893 1.6000
145.0940 -0.5895 1.6000
147.7450 -1.6375 1.6000
142.7460 -1.5473 1.6000
145.2270 -2.5922 1.6000
145.2630 -0.5926 1.6000
147.9120 -1.6403 1.6000
142.9120 -1.5505 1.6000
145.3940 -2.5952 1.6000
145.4300 -0.5956 1.6000
148.0780 -1.6432 1.6000
143.0790 -1.5535 1.6000
145.5610 -2.5982 1.6000
145.5970 -0.5985 1.6000
148.2450 -1.6620 1.6000
143.2460 -1.5428 1.6000
145.7210 -2.6021 1.6000
145.7690 -0.6026 1.6000
148.4110 -1.6791 1.6000
143.4130 -1.5352 1.6000
145.8830 -2.6067 1.6000
145.9410 -0.6076 1.6000
148.5770 -1.6966 1.6000
143.5800 -1.5289 1.6000
146.0450 -2.6122 1.6000
146.1120 -0.6133 1.6000
148.7430 -1.7120 1.6000
143.7470 -1.5259 1.6000
146.2080 -2.6183 1.6000
146.2820 -0.6196 1.6000
148.9100 -1.7209 1.6000
143.9140 -1.5297 1.6000
146.3740 -2.6246 1.6000
146.4500 -0.6261 1.6000
149.0760 -1.7554 1.6000
144.0810 -1.5115 1.6000
146.5300 -2.6323 1.6000
146.6270 -0.6346 1.6000
149.2440 -1.7016 1.6000
144.2460 -1.5738 1.6000
146.7200 -2.6374 1.6000
146.7710 -0.6380 1.6000
149.4100 -1.7438 1.6000
144.4140 -1.5449 1.6000
146.8720 -2.6435 1.6000
146.9520 -0.6451 1.6000
149.5770 -1.7342 1.6000
144.5800 -1.5657 1.6000
147.0450 -2.6494 1.6000
147.1120 -0.6505 1.6000
149.7430 -1.7544 1.6000
144.7470 -1.5586 1.6000
147.2060 -2.6557 1.6000
147.2840 -0.6573 1.6000
149.9100 -1.7525 1.6000
144.9130 -1.5725 1.6000
147.3760 -2.6618 1.6000
147.4480 -0.6631 1.6000
150.0750 -1.7973 1.6000
145.0820 -1.5445 1.6000
147.5280 -2.6696 1.6000
147.6290 -0.6722 1.6000
150.2430 -1.7834 1.6000
145.2470 -1.5725 1.6000
147.7030 -2.6770 1.6000
147.7870 -0.6788 1.6000
150.4100 -1.7833 1.6000
145.4140 -1.5858 1.6000
147.8720 -2.6837 1.6000
147.9510 -0.6853 1.6000
150.5770 -1.7839 1.6000
145.5800 -1.5976 1.6000
148.0410 -2.6900 1.6000
148.1160 -0.6914 1.6000
150.7440 -1.7889 1.6000
145.7470 -1.6049 1.6000
148.2080 -2.6962 1.6000
148.2820 -0.6975 1.6000
150.9100 -1.8008 1.6000
145.9140 -1.6059 1.6000
148.3730 -2.7026 1.6000
148.4510 -0.7041 1.6000
151.0760 -1.8127 1.6000
146.0810 -1.6077 1.6000
148.5380 -2.7094 1.6000
148.6200 -0.7110 1.6000
151.2440 -1.7986 1.6000
146.2470 -1.6329 1.6000
148.7120 -2.7152 1.6000
148.7780 -0.7163 1.6000
151.4100 -1.8169 1.6000
146.4140 -1.6272 1.6000
148.8740 -2.7213 1.6000
148.9500 -0.7228 1.6000
151.5770 -1.8048 1.6000
146.5800 -1.6497 1.6000
149.0480 -2.7267 1.6000
149.1100 -0.7277 1.6000
151.7440 -1.8023 1.6000
146.7460 -1.6615 1.6000
149.2170 -2.7315 1.6000
149.2730 -0.7323 1.6000
151.9110 -1.8186 1.6000
146.9130 -1.6560 1.6000
149.3790 -2.7368 1.6000
149.4440 -0.7379 1.6000
152.0780 -1.8146 1.6000
147.0800 -1.6697 1.6000
149.5500 -2.7417 1.6000
149.6080 -0.7426 1.6000
152.2430 -1.8427 1.6000
147.2470 -1.6542 1.6000
149.7070 -2.7477 1.6000
149.7830 -0.7492 1.6000
152.4110 -1.8166 1.6000
147.4130 -1.6888 1.6000
149.8860 -2.7524 1.6000
149.9370 -0.7530 1.6000
152.5770 -1.8415 1.6000
147.5800 -1.6750 1.6000
150.0450 -2.7577 1.6000
150.1120 -0.7588 1.6000
152.7440 -1.8373 1.6000
147.7460 -1.6891 1.6000
150.2160 -2.7628 1.6000
150.2750 -0.7636 1.6000
152.9110 -1.8424 1.6000
147.9130 -1.6939 1.6000
150.3820 -2.7677 1.6000
150.4420 -0.7686 1.6000
153.0780 -1.8434 1.6000
148.0800 -1.7023 1.6000
150.5500 -2.7725 1.6000
150.6070 -0.7732 1.6000
153.2440 -1.8521 1.6000
148.2460 -1.7035 1.6000
150.7160 -2.7774 1.6000
150.7750 -0.7782 1.6000
153.4110 -1.8555 1.6000
148.4130 -1.7098 1.6000
150.8830 -2.7822 1.6000
150.9410 -0.7831 1.6000
153.5790 -1.8001 1.6000
148.5790 -1.7674 1.6000
151.0720 -2.7837 1.6000
151.0850 -0.7838 1.6000
153.7450 -1.8171 1.6000
148.7450 -1.7546 1.6000
151.2330 -2.7858 1.6000
151.2580 -0.7859 1.6000
153.9120 -1.8180 1.6000
148.9120 -1.7577 1.6000
151.4000 -2.7878 1.6000
151.4240 -0.7879 1.6000
154.0790 -1.8108 1.6000
149.0790 -1.7678 1.6000
151.5700 -2.7892 1.6000
151.5870 -0.7893 1.6000
154.2450 -1.8142 1.6000
149.2450 -1.7674 1.6000
151.7360 -2.7908 1.6000
151.7550 -0.7909 1.6000
154.4120 -1.8271 1.6000
149.4120 -1.7591 1.6000
151.8980 -2.7930 1.6000
151.9260 -0.7932 1.6000
154.5790 -1.8037 1.6000
149.5790 -1.7838 1.6000
152.0750 -2.7938 1.6000
152.0830 -0.7938 1.6000
154.7450 -1.8153 1.6000
149.7450 -1.7749 1.6000
152.2370 -2.7951 1.6000
152.2530 -0.7951 1.6000
154.9120 -1.8045 1.6000
149.9120 -1.7869 1.6000
152.4080 -2.7957 1.6000
152.4160 -0.7957 1.6000
155.0790 -1.8102 1.6000
150.0790 -1.7830 1.6000
152.5730 -2.7966 1.6000
152.5840 -0.7966 1.6000
155.2450 -1.8327 1.6000
150.2460 -1.7650 1.6000
152.7320 -2.7988 1.6000
152.7590 -0.7989 1.6000
155.4120 -1.8257 1.6000
150.4120 -1.7754 1.6000
152.9020 -2.8005 1.6000
152.9220 -0.8006 1.6000
155.5780 -1.8344 1.6000
150.5790 -1.7709 1.6000
153.0660 -2.8026 1.6000
153.0910 -0.8027 1.6000
155.7450 -1.8421 1.6000
150.7460 -1.7681 1.6000
153.2300 -2.8050 1.6000
153.2600 -0.8052 1.6000
155.9120 -1.8392 1.6000
150.9120 -1.7753 1.6000
153.3990 -2.8072 1.6000
153.4250 -0.8073 1.6000
