UE positions (x y z)
124.3690 -1.9635 1.6000
119.3720 -2.1433 1.6000
121.9070 -3.0528 1.6000
121.8350 -1.0541 1.6000
124.5350 -1.9447 1.6000
119.5400 -2.1486 1.6000
122.0780 -3.0458 1.6000
121.9970 -1.0474 1.6000
124.7020 -1.9391 1.6000
119.7060 -2.1407 1.6000
122.2450 -3.0391 1.6000
122.1640 -1.0407 1.6000
124.8680 -1.9230 1.6000
119.8730 -2.1421 1.6000
122.4150 -3.0316 1.6000
122.3270 -1.0335 1.6000
125.0350 -1.9180 1.6000
120.0400 -2.1329 1.6000
122.5810 -3.0245 1.6000
122.4950 -1.0264 1.6000
125.2010 -1.9004 1.6000
120.2070 -2.1348 1.6000
122.7510 -3.0165 1.6000
122.6570 -1.0187 1.6000
125.3690 -1.9136 1.6000
120.3730 -2.1087 1.6000
122.9100 -3.0103 1.6000
122.8320 -1.0119 1.6000
125.5370 -1.9474 1.6000
120.5380 -2.0669 1.6000
123.0610 -3.0068 1.6000
123.0140 -1.0074 1.6000
125.7030 -1.9203 1.6000
120.7050 -2.0831 1.6000
123.2370 -3.0012 1.6000
123.1720 -1.0022 1.6000
125.8690 -1.9096 1.6000
120.8720 -2.0823 1.6000
123.4050 -2.9953 1.6000
123.3360 -0.9965 1.6000
126.0360 -1.9092 1.6000
121.0390 -2.0718 1.6000
123.5700 -2.9900 1.6000
123.5050 -0.9911 1.6000
126.2030 -1.8972 1.6000
121.2060 -2.0722 1.6000
123.7390 -2.9841 1.6000
123.6690 -0.9853 1.6000
126.3700 -1.9089 1.6000
121.3720 -2.0510 1.6000
123.8990 -2.9796 1.6000
123.8420 -0.9804 1.6000
126.5360 -1.8978 1.6000
121.5390 -2.0518 1.6000
124.0680 -2.9743 1.6000
124.0070 -0.9753 1.6000
126.7030 -1.8795 1.6000
121.7060 -2.0583 1.6000
124.2400 -2.9682 1.6000
124.1680 -0.9695 1.6000
126.8700 -1.8950 1.6000
121.8720 -2.0335 1.6000
124.3990 -2.9639 1.6000
124.3430 -0.9646 1.6000
127.0370 -1.8967 1.6000
122.0380 -2.0233 1.6000
124.5630 -2.9597 1.6000
124.5120 -0.9603 1.6000
127.2030 -1.8895 1.6000
122.2050 -2.0217 1.6000
124.7310 -2.9553 1.6000
124.6780 -0.9560 1.6000
127.3700 -1.8995 1.6000
122.3710 -2.0047 1.6000
124.8920 -2.9519 1.6000
124.8500 -0.9523 1.6000
127.5370 -1.8916 1.6000
122.5380 -2.0051 1.6000
125.0600 -2.9481 1.6000
125.0150 -0.9486 1.6000
127.7040 -1.9068 1.6000
122.7040 -1.9847 1.6000
125.2200 -2.9456 1.6000
125.1890 -0.9459 1.6000
127.8700 -1.8834 1.6000
122.8710 -2.0003 1.6000
125.3940 -2.9416 1.6000
125.3470 -0.9421 1.6000
128.0370 -1.8683 1.6000
123.0380 -2.0062 1.6000
125.5650 -2.9369 1.6000
125.5100 -0.9376 1.6000
128.2040 -1.8897 1.6000
123.2050 -1.9788 1.6000
125.7220 -2.9341 1.6000
125.6860 -0.9344 1.6000
128.3700 -1.8896 1.6000
123.3710 -1.9733 1.6000
125.8880 -2.9313 1.6000
125.8540 -0.9316 1.6000
128.5370 -1.8953 1.6000
123.5380 -1.9632 1.6000
126.0510 -2.9291 1.6000
126.0240 -0.9293 1.6000
128.7040 -1.8910 1.6000
123.7040 -1.9626 1.6000
126.2180 -2.9267 1.6000
126.1900 -0.9269 1.6000
128.8710 -1.8986 1.6000
123.8710 -1.9516 1.6000
126.3810 -2.9250 1.6000
126.3600 -0.9251 1.6000
129.0370 -1.9131 1.6000
124.0370 -1.9356 1.6000
126.5420 -2.9243 1.6000
126.5330 -0.9243 1.6000
129.2040 -1.9056 1.6000
124.2040 -1.9407 1.6000
126.7110 -2.9231 1.6000
126.6970 -0.9232 1.6000
129.3710 -1.8857 1.6000
124.3710 -1.9559 1.6000
126.8850 -2.9207 1.6000
126.8570 -0.9209 1.6000
129.5370 -1.8917 1.6000
124.5380 -1.9463 1.6000
127.0480 -2.9189 1.6000
127.0270 -0.9190 1.6000
129.7040 -1.8976 1.6000
124.7040 -1.9377 1.6000
127.2120 -2.9176 1.6000
127.1960 -0.9177 1.6000
129.8710 -1.8800 1.6000
124.8710 -1.9506 1.6000
127.3850 -2.9152 1.6000
127.3570 -0.9154 1.6000
130.0370 -1.8822 1.6000
125.0380 -1.9443 1.6000
127.5500 -2.9131 1.6000
127.5250 -0.9133 1.6000
130.2040 -1.8946 1.6000
125.2040 -1.9295 1.6000
127.7110 -2.9120 1.6000
127.6970 -0.9121 1.6000
130.3700 -1.8681 1.6000
125.3710 -1.9505 1.6000
127.8870 -2.9092 1.6000
127.8540 -0.9095 1.6000
130.5370 -1.8893 1.6000
125.5370 -1.9268 1.6000
128.0450 -2.9080 1.6000
128.0300 -0.9081 1.6000
130.7040 -1.8792 1.6000
125.7040 -1.9333 1.6000
128.2150 -2.9062 1.6000
128.1930 -0.9063 1.6000
130.8710 -1.8857 1.6000
125.8710 -1.9243 1.6000
128.3780 -2.9049 1.6000
128.3630 -0.9050 1.6000
131.0370 -1.8693 1.6000
126.0380 -1.9362 1.6000
128.5510 -2.9026 1.6000
128.5240 -0.9028 1.6000
131.2040 -1.8731 1.6000
126.2040 -1.9287 1.6000
128.7150 -2.9008 1.6000
128.6930 -0.9010 1.6000
131.3710 -1.8641 1.6000
126.3710 -1.9331 1.6000
128.8850 -2.8985 1.6000
128.8570 -0.8987 1.6000
131.5370 -1.8581 1.6000
126.5380 -1.9340 1.6000
129.0530 -2.8959 1.6000
129.0220 -0.8962 1.6000
131.7030 -1.8333 1.6000
126.7050 -1.9510 1.6000
129.2280 -2.8919 1.6000
129.1810 -0.8924 1.6000
131.8710 -1.8686 1.6000
126.8710 -1.9127 1.6000
129.3800 -2.8906 1.6000
129.3620 -0.8907 1.6000
132.0370 -1.8323 1.6000
127.0380 -1.9418 1.6000
129.5590 -2.8868 1.6000
129.5160 -0.8873 1.6000
132.2040 -1.8339 1.6000
127.2050 -1.9335 1.6000
129.7240 -2.8835 1.6000
129.6840 -0.8839 1.6000
132.3700 -1.8136 1.6000
127.3720 -1.9450 1.6000
129.8970 -2.8790 1.6000
129.8450 -0.8797 1.6000
132.5370 -1.8204 1.6000
127.5380 -1.9309 1.6000
130.0600 -2.8754 1.6000
130.0150 -0.8759 1.6000
132.7020 -1.7642 1.6000
127.7060 -1.9731 1.6000
130.2460 -2.8678 1.6000
130.1620 -0.8695 1.6000
132.8690 -1.7662 1.6000
127.8730 -1.9584 1.6000
130.4090 -2.8615 1.6000
130.3320 -0.8630 1.6000
133.0360 -1.7646 1.6000
128.0390 -1.9477 1.6000
130.5740 -2.8555 1.6000
130.5010 -0.8568 1.6000
133.2020 -1.7432 1.6000
128.2060 -1.9550 1.6000
130.7470 -2.8482 1.6000
130.6620 -0.8500 1.6000
133.3690 -1.7369 1.6000
128.3730 -1.9473 1.6000
130.9130 -2.8412 1.6000
130.8290 -0.8430 1.6000
133.5360 -1.7371 1.6000
128.5390 -1.9339 1.6000
131.0770 -2.8347 1.6000
130.9980 -0.8363 1.6000
133.7030 -1.7546 1.6000
128.7050 -1.9064 1.6000
131.2350 -2.8300 1.6000
131.1740 -0.8309 1.6000
133.8690 -1.7350 1.6000
128.8720 -1.9139 1.6000
131.4070 -2.8239 1.6000
131.3350 -0.8251 1.6000
134.0370 -1.7636 1.6000
129.0380 -1.8778 1.6000
131.5600 -2.8204 1.6000
131.5150 -0.8209 1.6000
134.2030 -1.7391 1.6000
129.2050 -1.8921 1.6000
131.7350 -2.8151 1.6000
131.6740 -0.8161 1.6000
134.3700 -1.7465 1.6000
129.3720 -1.8760 1.6000
131.8970 -2.8109 1.6000
131.8450 -0.8116 1.6000
134.5370 -1.7626 1.6000
129.5380 -1.8539 1.6000
132.0560 -2.8081 1.6000
132.0190 -0.8084 1.6000
134.7040 -1.7620 1.6000
129.7040 -1.8487 1.6000
132.2210 -2.8052 1.6000
132.1870 -0.8055 1.6000
134.8710 -1.7748 1.6000
129.8710 -1.8320 1.6000
132.3820 -2.8034 1.6000
132.3590 -0.8035 1.6000
135.0370 -1.7975 1.6000
130.0370 -1.8086 1.6000
132.5400 -2.8031 1.6000
132.5350 -0.8031 1.6000
135.2040 -1.7765 1.6000
130.2040 -1.8263 1.6000
132.7140 -2.8013 1.6000
132.6940 -0.8015 1.6000
135.3710 -1.7855 1.6000
130.3710 -1.8153 1.6000
132.8770 -2.8004 1.6000
132.8650 -0.8004 1.6000
135.5370 -1.7645 1.6000
130.5380 -1.8318 1.6000
133.0510 -2.7981 1.6000
133.0240 -0.7983 1.6000
135.7040 -1.7881 1.6000
130.7040 -1.8070 1.6000
133.2080 -2.7975 1.6000
133.2000 -0.7975 1.6000
135.8710 -1.7781 1.6000
130.8710 -1.8146 1.6000
133.3780 -2.7963 1.6000
133.3630 -0.7963 1.6000
136.0370 -1.7853 1.6000
131.0370 -1.8059 1.6000
133.5420 -2.7956 1.6000
133.5330 -0.7956 1.6000
136.2040 -1.8007 1.6000
131.2040 -1.7912 1.6000
133.7020 -2.7959 1.6000
133.7060 -0.7960 1.6000
136.3710 -1.7665 1.6000
131.3710 -1.8218 1.6000
133.8820 -2.7940 1.6000
133.8600 -0.7942 1.6000
136.5370 -1.7976 1.6000
131.5370 -1.7911 1.6000
134.0360 -2.7943 1.6000
134.0390 -0.7943 1.6000
136.7040 -1.7811 1.6000
131.7040 -1.8059 1.6000
134.2090 -2.7935 1.6000
134.1990 -0.7935 1.6000
136.8710 -1.7998 1.6000
131.8710 -1.7879 1.6000
134.3680 -2.7939 1.6000
134.3730 -0.7939 1.6000
137.0370 -1.8111 1.6000
132.0370 -1.7788 1.6000
134.5310 -2.7950 1.6000
134.5440 -0.7950 1.6000
137.2040 -1.7990 1.6000
132.2040 -1.7914 1.6000
134.7030 -2.7952 1.6000
134.7060 -0.7952 1.6000
137.3710 -1.8078 1.6000
132.3710 -1.7842 1.6000
134.8660 -2.7960 1.6000
134.8750 -0.7960 1.6000
137.5370 -1.8105 1.6000
132.5370 -1.7833 1.6000
135.0320 -2.7969 1.6000
135.0430 -0.7969 1.6000
137.7040 -1.8305 1.6000
132.7040 -1.7675 1.6000
135.1910 -2.7989 1.6000
135.2170 -0.7991 1.6000
137.8700 -1.8334 1.6000
132.8710 -1.7689 1.6000
135.3580 -2.8011 1.6000
135.3840 -0.8012 1.6000
138.0370 -1.8240 1.6000
133.0370 -1.7812 1.6000
135.5290 -2.8026 1.6000
135.5460 -0.8026 1.6000
138.2040 -1.8502 1.6000
133.2040 -1.7610 1.6000
135.6860 -2.8054 1.6000
135.7220 -0.8057 1.6000
138.3710 -1.8285 1.6000
133.3710 -1.7854 1.6000
135.8620 -2.8070 1.6000
135.8790 -0.8070 1.6000
138.5370 -1.8440 1.6000
133.5380 -1.7746 1.6000
136.0230 -2.8092 1.6000
136.0510 -0.8094 1.6000
138.7040 -1.8416 1.6000
133.7040 -1.7811 1.6000
136.1920 -2.8112 1.6000
136.2160 -0.8114 1.6000
138.8710 -1.8437 1.6000
133.8710 -1.7830 1.6000
136.3590 -2.8133 1.6000
136.3830 -0.8134 1.6000
139.0370 -1.8201 1.6000
134.0370 -1.8075 1.6000
136.5350 -2.8138 1.6000
136.5400 -0.8138 1.6000
139.2040 -1.8375 1.6000
134.2040 -1.7930 1.6000
136.6950 -2.8152 1.6000
136.7130 -0.8153 1.6000
139.3710 -1.8278 1.6000
134.3710 -1.8043 1.6000
136.8660 -2.8160 1.6000
136.8750 -0.8161 1.6000
139.5370 -1.8192 1.6000
134.5370 -1.8133 1.6000
137.0360 -2.8162 1.6000
137.0390 -0.8162 1.6000
139.7040 -1.8218 1.6000
134.7040 -1.8113 1.6000
137.2020 -2.8166 1.6000
137.2060 -0.8166 1.6000
139.8710 -1.8171 1.6000
134.8710 -1.8162 1.6000
137.3710 -2.8166 1.6000
137.3710 -0.8166 1.6000
140.0370 -1.8215 1.6000
135.0370 -1.8123 1.6000
137.5360 -2.8169 1.6000
137.5390 -0.8169 1.6000
140.2040 -1.8277 1.6000
135.2040 -1.8075 1.6000
137.7000 -2.8176 1.6000
137.7080 -0.8176 1.6000
140.3710 -1.8366 1.6000
135.3710 -1.8009 1.6000
137.8640 -2.8188 1.6000
137.8780 -0.8188 1.6000
140.5370 -1.8419 1.6000
135.5370 -1.7986 1.6000
138.0290 -2.8202 1.6000
138.0460 -0.8203 1.6000
140.7040 -1.8427 1.6000
135.7040 -1.8006 1.6000
138.1960 -2.8216 1.6000
138.2120 -0.8217 1.6000
140.8710 -1.8214 1.6000
135.8710 -1.8218 1.6000
138.3710 -2.8216 1.6000
138.3710 -0.8216 1.6000
141.0370 -1.8540 1.6000
136.0380 -1.7933 1.6000
138.5250 -2.8236 1.6000
138.5500 -0.8237 1.6000
141.2040 -1.8202 1.6000
136.2040 -1.8267 1.6000
138.7050 -2.8234 1.6000
138.7030 -0.8234 1.6000
141.3700 -1.8580 1.6000
136.3710 -1.7932 1.6000
138.8580 -2.8255 1.6000
138.8840 -0.8257 1.6000
141.5370 -1.8400 1.6000
136.5370 -1.8130 1.6000
139.0320 -2.8265 1.6000
139.0430 -0.8265 1.6000
141.7040 -1.8549 1.6000
136.7040 -1.8016 1.6000
139.1930 -2.8282 1.6000
139.2150 -0.8283 1.6000
141.8710 -1.8444 1.6000
136.8710 -1.8142 1.6000
139.3650 -2.8293 1.6000
139.3770 -0.8293 1.6000
142.0370 -1.8626 1.6000
137.0380 -1.8001 1.6000
139.5250 -2.8313 1.6000
139.5500 -0.8314 1.6000
142.2040 -1.8614 1.6000
137.2040 -1.8051 1.6000
139.6930 -2.8332 1.6000
139.7150 -0.8333 1.6000
142.3710 -1.8631 1.6000
137.3710 -1.8071 1.6000
139.8590 -2.8350 1.6000
139.8820 -0.8352 1.6000
142.5370 -1.8708 1.6000
137.5380 -1.8038 1.6000
140.0240 -2.8372 1.6000
140.0510 -0.8374 1.6000
142.7040 -1.8849 1.6000
137.7040 -1.7957 1.6000
140.1860 -2.8401 1.6000
140.2220 -0.8405 1.6000
142.8700 -1.8741 1.6000
137.8710 -1.8107 1.6000
140.3580 -2.8423 1.6000
140.3830 -0.8425 1.6000
143.0370 -1.8783 1.6000
138.0380 -1.8111 1.6000
140.5240 -2.8446 1.6000
140.5510 -0.8448 1.6000
143.2040 -1.8782 1.6000
138.2040 -1.8153 1.6000
140.6910 -2.8467 1.6000
140.7170 -0.8468 1.6000
143.3710 -1.8780 1.6000
138.3710 -1.8194 1.6000
140.8590 -2.8487 1.6000
140.8820 -0.8488 1.6000
143.5370 -1.8900 1.6000
138.5380 -1.8126 1.6000
141.0220 -2.8512 1.6000
141.0530 -0.8514 1.6000
143.7040 -1.8810 1.6000
138.7040 -1.8253 1.6000
141.1930 -2.8531 1.6000
141.2150 -0.8532 1.6000
143.8700 -1.8921 1.6000
138.8710 -1.8191 1.6000
141.3560 -2.8555 1.6000
141.3850 -0.8557 1.6000
144.0370 -1.8688 1.6000
139.0370 -1.8440 1.6000
141.5320 -2.8564 1.6000
141.5420 -0.8564 1.6000
144.2040 -1.8482 1.6000
139.2040 -1.8636 1.6000
141.7070 -2.8559 1.6000
141.7010 -0.8559 1.6000
144.3710 -1.8446 1.6000
139.3710 -1.8658 1.6000
141.8750 -2.8552 1.6000
141.8660 -0.8552 1.6000
144.5370 -1.8533 1.6000
139.5370 -1.8568 1.6000
142.0380 -2.8551 1.6000
142.0370 -0.8551 1.6000
144.7040 -1.8439 1.6000
139.7040 -1.8648 1.6000
142.2080 -2.8544 1.6000
142.2000 -0.8544 1.6000
144.8710 -1.8411 1.6000
139.8710 -1.8660 1.6000
142.3760 -2.8535 1.6000
142.3660 -0.8536 1.6000
145.0370 -1.8401 1.6000
140.0370 -1.8654 1.6000
142.5420 -2.8527 1.6000
142.5320 -0.8527 1.6000
145.2040 -1.8335 1.6000
140.2040 -1.8695 1.6000
142.7110 -2.8515 1.6000
142.6970 -0.8515 1.6000
145.3710 -1.8215 1.6000
140.3710 -1.8778 1.6000
142.8820 -2.8496 1.6000
142.8590 -0.8497 1.6000
145.5370 -1.8215 1.6000
140.5380 -1.8742 1.6000
143.0480 -2.8478 1.6000
143.0270 -0.8479 1.6000
145.7040 -1.8406 1.6000
140.7040 -1.8542 1.6000
143.2070 -2.8474 1.6000
143.2010 -0.8474 1.6000
145.8710 -1.8288 1.6000
140.8710 -1.8637 1.6000
143.3780 -2.8462 1.6000
143.3640 -0.8463 1.6000
146.0370 -1.8196 1.6000
141.0380 -1.8696 1.6000
143.5470 -2.8445 1.6000
143.5270 -0.8446 1.6000
146.2040 -1.8171 1.6000
141.2040 -1.8686 1.6000
143.7140 -2.8428 1.6000
143.6940 -0.8429 1.6000
146.3700 -1.8020 1.6000
141.3710 -1.8786 1.6000
143.8860 -2.8402 1.6000
143.8550 -0.8404 1.6000
146.5370 -1.8158 1.6000
141.5380 -1.8618 1.6000
144.0470 -2.8387 1.6000
144.0280 -0.8388 1.6000
146.7040 -1.7940 1.6000
141.7040 -1.8780 1.6000
144.2210 -2.8358 1.6000
144.1870 -0.8361 1.6000
146.8710 -1.8000 1.6000
141.8710 -1.8675 1.6000
144.3840 -2.8336 1.6000
144.3570 -0.8338 1.6000
147.0370 -1.7766 1.6000
142.0380 -1.8837 1.6000
144.5590 -2.8299 1.6000
144.5160 -0.8304 1.6000
147.2040 -1.7854 1.6000
142.2040 -1.8693 1.6000
144.7210 -2.8272 1.6000
144.6870 -0.8275 1.6000
147.3710 -1.8160 1.6000
142.3710 -1.8373 1.6000
144.8750 -2.8266 1.6000
144.8660 -0.8267 1.6000
147.5370 -1.8253 1.6000
142.5370 -1.8278 1.6000
145.0380 -2.8266 1.6000
145.0370 -0.8266 1.6000
147.7040 -1.8192 1.6000
142.7040 -1.8331 1.6000
145.2070 -2.8261 1.6000
145.2010 -0.8261 1.6000
147.8710 -1.8152 1.6000
142.8710 -1.8357 1.6000
145.3750 -2.8254 1.6000
145.3670 -0.8254 1.6000
148.0370 -1.8046 1.6000
143.0370 -1.8437 1.6000
145.5450 -2.8241 1.6000
145.5300 -0.8242 1.6000
148.2040 -1.8021 1.6000
143.2040 -1.8434 1.6000
145.7120 -2.8227 1.6000
145.6960 -0.8228 1.6000
148.3710 -1.7886 1.6000
143.3710 -1.8526 1.6000
145.8840 -2.8205 1.6000
145.8580 -0.8207 1.6000
148.5370 -1.7804 1.6000
143.5380 -1.8558 1.6000
146.0530 -2.8180 1.6000
146.0220 -0.8182 1.6000
148.7040 -1.7850 1.6000
143.7040 -1.8471 1.6000
146.2170 -2.8160 1.6000
146.1920 -0.8161 1.6000
148.8710 -1.8092 1.6000
143.8710 -1.8220 1.6000
146.3730 -2.8156 1.6000
146.3680 -0.8156 1.6000
149.0370 -1.8131 1.6000
144.0370 -1.8178 1.6000
146.5380 -2.8155 1.6000
146.5360 -0.8155 1.6000
149.2040 -1.7994 1.6000
144.2040 -1.8295 1.6000
146.7100 -2.8144 1.6000
146.6980 -0.8145 1.6000
149.3710 -1.8191 1.6000
144.3710 -1.8104 1.6000
146.8690 -2.8147 1.6000
146.8720 -0.8147 1.6000
149.5370 -1.8064 1.6000
144.5370 -1.8221 1.6000
147.0410 -2.8142 1.6000
147.0340 -0.8142 1.6000
149.7040 -1.8081 1.6000
144.7040 -1.8195 1.6000
147.2060 -2.8138 1.6000
147.2020 -0.8138 1.6000
149.8710 -1.8196 1.6000
144.8710 -1.8088 1.6000
147.3690 -2.8142 1.6000
147.3730 -0.8142 1.6000
150.0370 -1.8480 1.6000
145.0380 -1.7846 1.6000
147.5250 -2.8162 1.6000
147.5500 -0.8164 1.6000
150.2040 -1.8441 1.6000
145.2040 -1.7920 1.6000
147.6940 -2.8180 1.6000
147.7140 -0.8181 1.6000
150.3710 -1.8501 1.6000
145.3710 -1.7900 1.6000
147.8590 -2.8200 1.6000
147.8830 -0.8201 1.6000
150.5370 -1.8487 1.6000
145.5380 -1.7950 1.6000
148.0270 -2.8218 1.6000
148.0480 -0.8219 1.6000
150.7040 -1.8139 1.6000
145.7040 -1.8288 1.6000
148.2070 -2.8213 1.6000
148.2010 -0.8214 1.6000
150.8700 -1.8722 1.6000
145.8710 -1.7769 1.6000
148.3520 -2.8243 1.6000
148.3900 -0.8247 1.6000
151.0370 -1.8631 1.6000
146.0380 -1.7908 1.6000
148.5230 -2.8268 1.6000
148.5520 -0.8270 1.6000
151.2040 -1.8677 1.6000
146.2040 -1.7913 1.6000
148.6890 -2.8294 1.6000
148.7190 -0.8296 1.6000
151.3700 -1.8711 1.6000
146.3710 -1.7931 1.6000
148.8550 -2.8320 1.6000
148.8860 -0.8322 1.6000
151.5370 -1.8783 1.6000
146.5380 -1.7916 1.6000
149.0200 -2.8348 1.6000
149.0550 -0.8351 1.6000
151.7040 -1.8665 1.6000
146.7040 -1.8074 1.6000
149.1920 -2.8369 1.6000
149.2160 -0.8370 1.6000
151.8710 -1.8611 1.6000
146.8710 -1.8158 1.6000
149.3620 -2.8384 1.6000
149.3800 -0.8385 1.6000
152.0370 -1.8730 1.6000
147.0380 -1.8082 1.6000
149.5240 -2.8405 1.6000
149.5500 -0.8407 1.6000
152.2040 -1.8433 1.6000
147.2040 -1.8383 1.6000
149.7030 -2.8408 1.6000
149.7050 -0.8408 1.6000
152.3710 -1.8589 1.6000
147.3710 -1.8249 1.6000
149.8640 -2.8419 1.6000
149.8770 -0.8419 1.6000
152.5370 -1.8502 1.6000
147.5370 -1.8346 1.6000
150.0340 -2.8424 1.6000
150.0400 -0.8424 1.6000
152.7040 -1.8615 1.6000
147.7040 -1.8257 1.6000
150.1970 -2.8436 1.6000
150.2110 -0.8436 1.6000
152.8710 -1.8372 1.6000
147.8710 -1.8492 1.6000
150.3730 -2.8432 1.6000
150.3680 -0.8432 1.6000
153.0370 -1.8382 1.6000
148.0370 -1.8476 1.6000
150.5390 -2.8429 1.6000
150.5360 -0.8429 1.6000
153.2040 -1.8397 1.6000
148.2040 -1.8457 1.6000
150.7050 -2.8427 1.6000
150.7030 -0.8427 1.6000
153.3710 -1.8421 1.6000
148.3710 -1.8433 1.6000
150.8710 -2.8427 1.6000
150.8700 -0.8427 1.6000
153.5370 -1.8620 1.6000
148.5370 -1.8257 1.6000
151.0300 -2.8439 1.6000
151.0450 -0.8439 1.6000
153.7040 -1.8633 1.6000
148.7040 -1.8269 1.6000
151.1970 -2.8451 1.6000
151.2110 -0.8451 1.6000
153.8710 -1.8589 1.6000
148.8710 -1.8331 1.6000
151.3660 -2.8459 1.6000
151.3760 -0.8460 1.6000
154.0370 -1.8659 1.6000
149.0370 -1.8285 1.6000
151.5300 -2.8472 1.6000
151.5450 -0.8472 1.6000
154.2040 -1.8924 1.6000
149.2040 -1.8077 1.6000
151.6870 -2.8499 1.6000
151.7210 -0.8502 1.6000
154.3710 -1.8374 1.6000
149.3710 -1.8610 1.6000
151.8750 -2.8492 1.6000
151.8660 -0.8492 1.6000
154.5370 -1.8732 1.6000
149.5370 -1.8283 1.6000
152.0280 -2.8507 1.6000
152.0460 -0.8508 1.6000
154.7040 -1.8676 1.6000
149.7040 -1.8359 1.6000
152.1980 -2.8518 1.6000
152.2100 -0.8518 1.6000
154.8710 -1.8559 1.6000
149.8710 -1.8482 1.6000
152.3690 -2.8521 1.6000
152.3720 -0.8520 1.6000
155.0370 -1.8755 1.6000
150.0370 -1.8315 1.6000
152.5290 -2.8535 1.6000
152.5460 -0.8536 1.6000
155.2040 -1.8735 1.6000
150.2040 -1.8360 1.6000
152.6970 -2.8547 1.6000
152.7120 -0.8548 1.6000
155.3710 -1.8822 1.6000
150.3710 -1.8308 1.6000
152.8600 -2.8564 1.6000
152.8810 -0.8565 1.6000
155.5370 -1.8912 1.6000
150.5380 -1.8261 1.6000
153.0240 -2.8586 1.6000
153.0500 -0.8587 1.6000
155.7030 -1.9138 1.6000
150.7050 -1.8104 1.6000
153.1830 -2.8619 1.6000
153.2250 -0.8623 1.6000
155.8700 -1.9043 1.6000
150.8710 -1.8252 1.6000
153.3550 -2.8646 1.6000
153.3860 -0.8649 1.6000
