UE positions (x y z)
109.4440 -1.9635 1.6000
104.4470 -2.1433 1.6000
106.9820 -3.0528 1.6000
106.9100 -1.0541 1.6000
109.6090 -1.9259 1.6000
104.6150 -2.1650 1.6000
107.1600 -3.0443 1.6000
107.0640 -1.0466 1.6000
109.7760 -1.9255 1.6000
104.7820 -2.1504 1.6000
107.3240 -3.0369 1.6000
107.2340 -1.0390 1.6000
109.9430 -1.9045 1.6000
104.9490 -2.1547 1.6000
107.4960 -3.0284 1.6000
107.3960 -1.0309 1.6000
110.1100 -1.9207 1.6000
105.1140 -2.1249 1.6000
107.6530 -3.0220 1.6000
107.5710 -1.0236 1.6000
110.2760 -1.8961 1.6000
105.2820 -2.1337 1.6000
107.8270 -3.0137 1.6000
107.7310 -1.0160 1.6000
110.4440 -1.9056 1.6000
105.4480 -2.1105 1.6000
107.9870 -3.0072 1.6000
107.9050 -1.0089 1.6000
110.6100 -1.8869 1.6000
105.6150 -2.1140 1.6000
108.1580 -2.9994 1.6000
108.0670 -1.0015 1.6000
110.7760 -1.8662 1.6000
105.7820 -2.1179 1.6000
108.3290 -2.9908 1.6000
108.2290 -0.9933 1.6000
110.9420 -1.8574 1.6000
105.9490 -2.1100 1.6000
108.4960 -2.9824 1.6000
108.3950 -0.9849 1.6000
111.1090 -1.8559 1.6000
106.1150 -2.0954 1.6000
108.6600 -2.9745 1.6000
108.5640 -0.9768 1.6000
111.2770 -1.8617 1.6000
106.2810 -2.0754 1.6000
108.8220 -2.9676 1.6000
108.7360 -0.9695 1.6000
111.4430 -1.8476 1.6000
106.4480 -2.0744 1.6000
108.9910 -2.9600 1.6000
108.9000 -0.9620 1.6000
111.6080 -1.8113 1.6000
106.6160 -2.0919 1.6000
109.1680 -2.9501 1.6000
109.0560 -0.9532 1.6000
111.7760 -1.8179 1.6000
106.7820 -2.0686 1.6000
109.3290 -2.9420 1.6000
109.2290 -0.9445 1.6000
111.9430 -1.8315 1.6000
106.9480 -2.0411 1.6000
109.4880 -2.9354 1.6000
109.4040 -0.9372 1.6000
112.1110 -1.8438 1.6000
107.1140 -2.0172 1.6000
109.6470 -2.9299 1.6000
109.5780 -0.9311 1.6000
112.2780 -1.8429 1.6000
107.2800 -2.0072 1.6000
109.8120 -2.9245 1.6000
109.7460 -0.9256 1.6000
112.4440 -1.8449 1.6000
107.4470 -1.9951 1.6000
109.9760 -2.9196 1.6000
109.9160 -0.9205 1.6000
112.6110 -1.8467 1.6000
107.6130 -1.9842 1.6000
110.1400 -2.9151 1.6000
110.0850 -0.9158 1.6000
112.7780 -1.8261 1.6000
107.7800 -1.9936 1.6000
110.3120 -2.9093 1.6000
110.2450 -0.9104 1.6000
112.9440 -1.8300 1.6000
107.9470 -1.9798 1.6000
110.4760 -2.9044 1.6000
110.4160 -0.9053 1.6000
113.1110 -1.8356 1.6000
108.1130 -1.9655 1.6000
110.6380 -2.9002 1.6000
110.5860 -0.9009 1.6000
113.2780 -1.8442 1.6000
108.2790 -1.9499 1.6000
110.8000 -2.8968 1.6000
110.7580 -0.8972 1.6000
113.4450 -1.8315 1.6000
108.4460 -1.9544 1.6000
110.9700 -2.8926 1.6000
110.9210 -0.8932 1.6000
113.6120 -1.8613 1.6000
108.6120 -1.9206 1.6000
111.1240 -2.8909 1.6000
111.1000 -0.8910 1.6000
113.7790 -1.8592 1.6000
108.7790 -1.9187 1.6000
111.2910 -2.8889 1.6000
111.2670 -0.8890 1.6000
113.9450 -1.8430 1.6000
108.9460 -1.9292 1.6000
111.4630 -2.8859 1.6000
111.4280 -0.8862 1.6000
114.1120 -1.8622 1.6000
109.1120 -1.9070 1.6000
111.6210 -2.8846 1.6000
111.6030 -0.8846 1.6000
114.2790 -1.8518 1.6000
109.2790 -1.9133 1.6000
111.7910 -2.8825 1.6000
111.7670 -0.8826 1.6000
114.4450 -1.8594 1.6000
109.4460 -1.9028 1.6000
111.9540 -2.8811 1.6000
111.9370 -0.8811 1.6000
114.6120 -1.8816 1.6000
109.6120 -1.8807 1.6000
112.1120 -2.8811 1.6000
112.1120 -0.8811 1.6000
114.7790 -1.8805 1.6000
109.7790 -1.8817 1.6000
112.2790 -2.8811 1.6000
112.2790 -0.8811 1.6000
114.9450 -1.8723 1.6000
109.9460 -1.8888 1.6000
112.4490 -2.8805 1.6000
112.4420 -0.8805 1.6000
115.1120 -1.8742 1.6000
110.1120 -1.8861 1.6000
112.6150 -2.8801 1.6000
112.6100 -0.8802 1.6000
115.2790 -1.8543 1.6000
110.2790 -1.9028 1.6000
112.7890 -2.8785 1.6000
112.7690 -0.8786 1.6000
115.4450 -1.8673 1.6000
110.4460 -1.8884 1.6000
112.9500 -2.8778 1.6000
112.9410 -0.8778 1.6000
115.6120 -1.8632 1.6000
110.6120 -1.8907 1.6000
113.1180 -2.8769 1.6000
113.1070 -0.8769 1.6000
115.7790 -1.8671 1.6000
110.7790 -1.8855 1.6000
113.2830 -2.8763 1.6000
113.2750 -0.8763 1.6000
115.9450 -1.8759 1.6000
110.9450 -1.8766 1.6000
113.4460 -2.8763 1.6000
113.4450 -0.8763 1.6000
116.1120 -1.8773 1.6000
111.1120 -1.8754 1.6000
113.6120 -2.8763 1.6000
113.6130 -0.8763 1.6000
116.2790 -1.8603 1.6000
111.2790 -1.8904 1.6000
113.7850 -2.8753 1.6000
113.7730 -0.8753 1.6000
116.4450 -1.8680 1.6000
111.4460 -1.8817 1.6000
113.9480 -2.8749 1.6000
113.9430 -0.8749 1.6000
116.6120 -1.8748 1.6000
111.6120 -1.8749 1.6000
114.1120 -2.8749 1.6000
114.1120 -0.8749 1.6000
116.7790 -1.8722 1.6000
111.7790 -1.8772 1.6000
114.2800 -2.8747 1.6000
114.2780 -0.8747 1.6000
116.9450 -1.8533 1.6000
111.9460 -1.8935 1.6000
114.4540 -2.8733 1.6000
114.4370 -0.8734 1.6000
117.1120 -1.8695 1.6000
112.1120 -1.8768 1.6000
114.6140 -2.8731 1.6000
114.6110 -0.8731 1.6000
117.2790 -1.8713 1.6000
112.2790 -1.8748 1.6000
114.7800 -2.8730 1.6000
114.7780 -0.8730 1.6000
117.4450 -1.8235 1.6000
112.4460 -1.9163 1.6000
114.9640 -2.8697 1.6000
114.9270 -0.8701 1.6000
117.6120 -1.8381 1.6000
112.6120 -1.8977 1.6000
115.1240 -2.8678 1.6000
115.1000 -0.8680 1.6000
117.7790 -1.8397 1.6000
112.7790 -1.8927 1.6000
115.2890 -2.8661 1.6000
115.2680 -0.8662 1.6000
117.9450 -1.8269 1.6000
112.9460 -1.9005 1.6000
115.4600 -2.8636 1.6000
115.4310 -0.8638 1.6000
118.1120 -1.8571 1.6000
113.1120 -1.8695 1.6000
115.6150 -2.8633 1.6000
115.6100 -0.8633 1.6000
118.2790 -1.8328 1.6000
113.2790 -1.8900 1.6000
115.7900 -2.8613 1.6000
115.7670 -0.8614 1.6000
118.4450 -1.8369 1.6000
113.4460 -1.8828 1.6000
115.9550 -2.8598 1.6000
115.9360 -0.8599 1.6000
118.6120 -1.8299 1.6000
113.6120 -1.8861 1.6000
116.1230 -2.8579 1.6000
116.1010 -0.8580 1.6000
118.7790 -1.8202 1.6000
113.7790 -1.8910 1.6000
116.2930 -2.8555 1.6000
116.2650 -0.8557 1.6000
118.9450 -1.8160 1.6000
113.9460 -1.8903 1.6000
116.4600 -2.8530 1.6000
116.4310 -0.8533 1.6000
119.1120 -1.8205 1.6000
114.1120 -1.8817 1.6000
116.6240 -2.8510 1.6000
116.6000 -0.8512 1.6000
119.2780 -1.8027 1.6000
114.2790 -1.8934 1.6000
116.7970 -2.8479 1.6000
116.7610 -0.8482 1.6000
119.4450 -1.7896 1.6000
114.4460 -1.8992 1.6000
116.9670 -2.8442 1.6000
116.9240 -0.8447 1.6000
119.6120 -1.7934 1.6000
114.6130 -1.8890 1.6000
117.1310 -2.8411 1.6000
117.0930 -0.8414 1.6000
119.7780 -1.7907 1.6000
114.7790 -1.8855 1.6000
117.2980 -2.8379 1.6000
117.2600 -0.8383 1.6000
119.9450 -1.7881 1.6000
114.9460 -1.8818 1.6000
117.4640 -2.8348 1.6000
117.4270 -0.8351 1.6000
120.1120 -1.7714 1.6000
115.1130 -1.8906 1.6000
117.6360 -2.8307 1.6000
117.5880 -0.8313 1.6000
120.2780 -1.7693 1.6000
115.2800 -1.8849 1.6000
117.8020 -2.8269 1.6000
117.7560 -0.8274 1.6000
120.4450 -1.7567 1.6000
115.4460 -1.8887 1.6000
117.9720 -2.8224 1.6000
117.9190 -0.8231 1.6000
120.6120 -1.7767 1.6000
115.6130 -1.8630 1.6000
118.1290 -2.8197 1.6000
118.0950 -0.8200 1.6000
120.7780 -1.7574 1.6000
115.7800 -1.8745 1.6000
118.3020 -2.8157 1.6000
118.2550 -0.8162 1.6000
120.9450 -1.7564 1.6000
115.9460 -1.8680 1.6000
118.4680 -2.8120 1.6000
118.4230 -0.8125 1.6000
121.1120 -1.7664 1.6000
116.1130 -1.8523 1.6000
118.6290 -2.8092 1.6000
118.5950 -0.8095 1.6000
121.2780 -1.7600 1.6000
116.2790 -1.8526 1.6000
118.7970 -2.8061 1.6000
118.7600 -0.8064 1.6000
121.4450 -1.7380 1.6000
116.4460 -1.8661 1.6000
118.9710 -2.8017 1.6000
118.9200 -0.8023 1.6000
121.6120 -1.7510 1.6000
116.6130 -1.8467 1.6000
119.1310 -2.7986 1.6000
119.0930 -0.7990 1.6000
121.7790 -1.7572 1.6000
116.7790 -1.8353 1.6000
119.2940 -2.7961 1.6000
119.2630 -0.7963 1.6000
121.9450 -1.7549 1.6000
116.9460 -1.8324 1.6000
119.4610 -2.7935 1.6000
119.4300 -0.7938 1.6000
122.1120 -1.7563 1.6000
117.1120 -1.8263 1.6000
119.6260 -2.7912 1.6000
119.5980 -0.7914 1.6000
122.2780 -1.7254 1.6000
117.2800 -1.8490 1.6000
119.8040 -2.7869 1.6000
119.7540 -0.7875 1.6000
122.4450 -1.7376 1.6000
117.4460 -1.8305 1.6000
119.9640 -2.7839 1.6000
119.9270 -0.7843 1.6000
122.6120 -1.7341 1.6000
117.6130 -1.8279 1.6000
120.1310 -2.7808 1.6000
120.0930 -0.7811 1.6000
122.7780 -1.7288 1.6000
117.7790 -1.8266 1.6000
120.2980 -2.7775 1.6000
120.2590 -0.7779 1.6000
122.9450 -1.7217 1.6000
117.9460 -1.8267 1.6000
120.4670 -2.7740 1.6000
120.4250 -0.7744 1.6000
123.1120 -1.7376 1.6000
118.1120 -1.8062 1.6000
120.6260 -2.7718 1.6000
120.5980 -0.7720 1.6000
123.2790 -1.7371 1.6000
118.2790 -1.8024 1.6000
120.7920 -2.7696 1.6000
120.7660 -0.7698 1.6000
123.4450 -1.7398 1.6000
118.4460 -1.7959 1.6000
120.9570 -2.7678 1.6000
120.9340 -0.7679 1.6000
123.6120 -1.7781 1.6000
118.6120 -1.7589 1.6000
121.1080 -2.7685 1.6000
121.1160 -0.7685 1.6000
123.7790 -1.7447 1.6000
118.7790 -1.7893 1.6000
121.2880 -2.7670 1.6000
121.2700 -0.7671 1.6000
123.9450 -1.7484 1.6000
118.9460 -1.7833 1.6000
121.4530 -2.7658 1.6000
121.4390 -0.7659 1.6000
124.1120 -1.7454 1.6000
119.1120 -1.7837 1.6000
121.6200 -2.7645 1.6000
121.6050 -0.7646 1.6000
124.2790 -1.7684 1.6000
119.2790 -1.7612 1.6000
121.7770 -2.7648 1.6000
121.7800 -0.7648 1.6000
124.4450 -1.7317 1.6000
119.4460 -1.7938 1.6000
121.9580 -2.7627 1.6000
121.9330 -0.7628 1.6000
124.6120 -1.7476 1.6000
119.6120 -1.7760 1.6000
122.1180 -2.7618 1.6000
122.1060 -0.7618 1.6000
124.7790 -1.7379 1.6000
119.7790 -1.7827 1.6000
122.2880 -2.7603 1.6000
122.2700 -0.7603 1.6000
124.9450 -1.7356 1.6000
119.9460 -1.7819 1.6000
122.4550 -2.7587 1.6000
122.4360 -0.7588 1.6000
125.1120 -1.7401 1.6000
120.1120 -1.7751 1.6000
122.6190 -2.7576 1.6000
122.6050 -0.7576 1.6000
125.2790 -1.7786 1.6000
120.2790 -1.7392 1.6000
122.7710 -2.7589 1.6000
122.7870 -0.7589 1.6000
125.4450 -1.7498 1.6000
120.4460 -1.7668 1.6000
122.9490 -2.7583 1.6000
122.9420 -0.7584 1.6000
125.6120 -1.7865 1.6000
120.6120 -1.7337 1.6000
123.1020 -2.7601 1.6000
123.1230 -0.7602 1.6000
125.7790 -1.7709 1.6000
120.7790 -1.7507 1.6000
123.2750 -2.7608 1.6000
123.2830 -0.7608 1.6000
125.9450 -1.8068 1.6000
120.9460 -1.7205 1.6000
123.4280 -2.7635 1.6000
123.4630 -0.7638 1.6000
126.1120 -1.8072 1.6000
121.1120 -1.7256 1.6000
123.5960 -2.7662 1.6000
123.6280 -0.7665 1.6000
126.2790 -1.7995 1.6000
121.2790 -1.7374 1.6000
123.7660 -2.7684 1.6000
123.7910 -0.7685 1.6000
126.4450 -1.7882 1.6000
121.4460 -1.7511 1.6000
123.9380 -2.7696 1.6000
123.9530 -0.7697 1.6000
126.6120 -1.8057 1.6000
121.6120 -1.7382 1.6000
124.0990 -2.7718 1.6000
124.1260 -0.7720 1.6000
126.7780 -1.8111 1.6000
121.7790 -1.7376 1.6000
124.2640 -2.7743 1.6000
124.2930 -0.7745 1.6000
126.9450 -1.7967 1.6000
121.9460 -1.7548 1.6000
124.4370 -2.7757 1.6000
124.4540 -0.7758 1.6000
127.1120 -1.8078 1.6000
122.1120 -1.7478 1.6000
124.6000 -2.7777 1.6000
124.6240 -0.7778 1.6000
127.2790 -1.7939 1.6000
122.2790 -1.7636 1.6000
124.7730 -2.7788 1.6000
124.7850 -0.7788 1.6000
127.4450 -1.7828 1.6000
122.4450 -1.7753 1.6000
124.9440 -2.7790 1.6000
124.9470 -0.7790 1.6000
127.6120 -1.7853 1.6000
122.6120 -1.7736 1.6000
125.1100 -2.7794 1.6000
125.1140 -0.7794 1.6000
127.7790 -1.7948 1.6000
122.7790 -1.7659 1.6000
125.2730 -2.7804 1.6000
125.2850 -0.7804 1.6000
127.9450 -1.8138 1.6000
122.9460 -1.7512 1.6000
125.4330 -2.7824 1.6000
125.4580 -0.7826 1.6000
128.1120 -1.8360 1.6000
123.1130 -1.7357 1.6000
125.5920 -2.7856 1.6000
125.6320 -0.7860 1.6000
128.2790 -1.8139 1.6000
123.2790 -1.7612 1.6000
125.7680 -2.7875 1.6000
125.7890 -0.7876 1.6000
128.4450 -1.8244 1.6000
123.4460 -1.7554 1.6000
125.9320 -2.7898 1.6000
125.9590 -0.7900 1.6000
128.6120 -1.8162 1.6000
123.6120 -1.7668 1.6000
126.1020 -2.7915 1.6000
126.1220 -0.7916 1.6000
128.7780 -1.8565 1.6000
123.7790 -1.7347 1.6000
126.2540 -2.7953 1.6000
126.3030 -0.7959 1.6000
128.9450 -1.8510 1.6000
123.9460 -1.7471 1.6000
126.4250 -2.7988 1.6000
126.4660 -0.7993 1.6000
129.1120 -1.8463 1.6000
124.1120 -1.7577 1.6000
126.5940 -2.8018 1.6000
126.6300 -0.8022 1.6000
129.2780 -1.8622 1.6000
124.2790 -1.7493 1.6000
126.7560 -2.8055 1.6000
126.8010 -0.8060 1.6000
129.4450 -1.8539 1.6000
124.4460 -1.7637 1.6000
126.9270 -2.8086 1.6000
126.9630 -0.8089 1.6000
129.6120 -1.8527 1.6000
124.6120 -1.7703 1.6000
127.0960 -2.8114 1.6000
127.1290 -0.8117 1.6000
129.7780 -1.8574 1.6000
124.7790 -1.7713 1.6000
127.2620 -2.8142 1.6000
127.2960 -0.8145 1.6000
129.9450 -1.8474 1.6000
124.9460 -1.7855 1.6000
127.4330 -2.8164 1.6000
127.4580 -0.8165 1.6000
130.1120 -1.8598 1.6000
125.1120 -1.7785 1.6000
127.5960 -2.8190 1.6000
127.6280 -0.8193 1.6000
130.2780 -1.8604 1.6000
125.2790 -1.7831 1.6000
127.7630 -2.8216 1.6000
127.7940 -0.8219 1.6000
130.4450 -1.8517 1.6000
125.4460 -1.7956 1.6000
127.9340 -2.8235 1.6000
127.9570 -0.8237 1.6000
130.6120 -1.8649 1.6000
125.6120 -1.7875 1.6000
128.0970 -2.8261 1.6000
128.1280 -0.8263 1.6000
130.7790 -1.8635 1.6000
125.7790 -1.7935 1.6000
128.2650 -2.8284 1.6000
128.2930 -0.8286 1.6000
130.9450 -1.8608 1.6000
125.9460 -1.8003 1.6000
128.4330 -2.8305 1.6000
128.4580 -0.8306 1.6000
131.1120 -1.8652 1.6000
126.1120 -1.8002 1.6000
128.5990 -2.8326 1.6000
128.6250 -0.8328 1.6000
131.2790 -1.8491 1.6000
126.2790 -1.8184 1.6000
128.7730 -2.8337 1.6000
128.7850 -0.8337 1.6000
131.4450 -1.8752 1.6000
126.4460 -1.7974 1.6000
128.9300 -2.8362 1.6000
128.9610 -0.8364 1.6000
131.6120 -1.8834 1.6000
126.6120 -1.7952 1.6000
129.0940 -2.8391 1.6000
129.1300 -0.8394 1.6000
131.7780 -1.8900 1.6000
126.7790 -1.7949 1.6000
129.2600 -2.8422 1.6000
129.2980 -0.8426 1.6000
131.9450 -1.8790 1.6000
126.9460 -1.8104 1.6000
129.4320 -2.8446 1.6000
129.4590 -0.8448 1.6000
132.1120 -1.8803 1.6000
127.1120 -1.8135 1.6000
129.5990 -2.8468 1.6000
129.6250 -0.8470 1.6000
132.2790 -1.8847 1.6000
127.2790 -1.8138 1.6000
129.7650 -2.8492 1.6000
129.7930 -0.8494 1.6000
132.4450 -1.8733 1.6000
127.4460 -1.8283 1.6000
129.9360 -2.8508 1.6000
129.9540 -0.8508 1.6000
132.6120 -1.8584 1.6000
127.6120 -1.8442 1.6000
130.1090 -2.8513 1.6000
130.1150 -0.8513 1.6000
132.7790 -1.8618 1.6000
127.7790 -1.8421 1.6000
130.2750 -2.8519 1.6000
130.2830 -0.8519 1.6000
132.9450 -1.8580 1.6000
127.9450 -1.8466 1.6000
130.4430 -2.8523 1.6000
130.4480 -0.8523 1.6000
133.1120 -1.8553 1.6000
128.1120 -1.8497 1.6000
130.6110 -2.8525 1.6000
130.6130 -0.8525 1.6000
133.2790 -1.8893 1.6000
128.2790 -1.8203 1.6000
130.7650 -2.8547 1.6000
130.7930 -0.8549 1.6000
133.4450 -1.8804 1.6000
128.4460 -1.8324 1.6000
130.9360 -2.8563 1.6000
130.9550 -0.8564 1.6000
133.6120 -1.8778 1.6000
128.6120 -1.8377 1.6000
131.1040 -2.8577 1.6000
131.1200 -0.8578 1.6000
133.7790 -1.8921 1.6000
128.7790 -1.8277 1.6000
131.2660 -2.8598 1.6000
131.2920 -0.8600 1.6000
133.9450 -1.8857 1.6000
128.9460 -1.8373 1.6000
131.4360 -2.8615 1.6000
131.4550 -0.8615 1.6000
134.1120 -1.9041 1.6000
129.1120 -1.8242 1.6000
131.5960 -2.8640 1.6000
131.6280 -0.8643 1.6000
134.2790 -1.8915 1.6000
129.2790 -1.8403 1.6000
131.7690 -2.8658 1.6000
131.7890 -0.8659 1.6000
134.4450 -1.9139 1.6000
129.4460 -1.8238 1.6000
131.9270 -2.8687 1.6000
131.9630 -0.8690 1.6000
134.6120 -1.9070 1.6000
129.6120 -1.8355 1.6000
132.0980 -2.8712 1.6000
132.1260 -0.8714 1.6000
134.7790 -1.9094 1.6000
129.7790 -1.8379 1.6000
132.2640 -2.8735 1.6000
132.2930 -0.8737 1.6000
134.9450 -1.9107 1.6000
129.9460 -1.8412 1.6000
132.4320 -2.8759 1.6000
132.4590 -0.8761 1.6000
135.1120 -1.9240 1.6000
130.1120 -1.8339 1.6000
132.5940 -2.8788 1.6000
132.6300 -0.8791 1.6000
135.2790 -1.9167 1.6000
130.2790 -1.8459 1.6000
132.7650 -2.8812 1.6000
132.7930 -0.8814 1.6000
135.4450 -1.9029 1.6000
130.4460 -1.8625 1.6000
132.9370 -2.8826 1.6000
132.9540 -0.8827 1.6000
135.6120 -1.8971 1.6000
130.6120 -1.8701 1.6000
133.1070 -2.8836 1.6000
133.1180 -0.8836 1.6000
135.7790 -1.8944 1.6000
130.7790 -1.8741 1.6000
133.2750 -2.8842 1.6000
133.2830 -0.8843 1.6000
135.9450 -1.8645 1.6000
130.9460 -1.9015 1.6000
133.4530 -2.8830 1.6000
133.4380 -0.8830 1.6000
136.1120 -1.8669 1.6000
131.1120 -1.8971 1.6000
133.6180 -2.8820 1.6000
133.6060 -0.8820 1.6000
136.2790 -1.8593 1.6000
131.2790 -1.9018 1.6000
133.7870 -2.8805 1.6000
133.7700 -0.8806 1.6000
136.4450 -1.8651 1.6000
131.4460 -1.8942 1.6000
133.9510 -2.8796 1.6000
133.9400 -0.8796 1.6000
136.6120 -1.8736 1.6000
131.6120 -1.8849 1.6000
134.1140 -2.8792 1.6000
134.1100 -0.8792 1.6000
136.7790 -1.8711 1.6000
131.7790 -1.8863 1.6000
134.2820 -2.8787 1.6000
134.2760 -0.8787 1.6000
136.9450 -1.8622 1.6000
131.9460 -1.8932 1.6000
134.4520 -2.8777 1.6000
134.4390 -0.8777 1.6000
137.1120 -1.8547 1.6000
132.1120 -1.8979 1.6000
134.6210 -2.8762 1.6000
134.6040 -0.8763 1.6000
137.2790 -1.8500 1.6000
132.2790 -1.8993 1.6000
134.7890 -2.8746 1.6000
134.7690 -0.8747 1.6000
137.4450 -1.8640 1.6000
132.4460 -1.8840 1.6000
134.9490 -2.8739 1.6000
134.9420 -0.8740 1.6000
137.6120 -1.8513 1.6000
132.6120 -1.8938 1.6000
135.1210 -2.8725 1.6000
135.1040 -0.8726 1.6000
137.7790 -1.8620 1.6000
132.7790 -1.8818 1.6000
135.2830 -2.8719 1.6000
135.2750 -0.8719 1.6000
137.9450 -1.8453 1.6000
132.9460 -1.8952 1.6000
135.4560 -2.8702 1.6000
135.4360 -0.8703 1.6000
138.1120 -1.8496 1.6000
133.1120 -1.8883 1.6000
135.6200 -2.8689 1.6000
135.6040 -0.8690 1.6000
138.2790 -1.8671 1.6000
133.2790 -1.8706 1.6000
135.7800 -2.8688 1.6000
135.7780 -0.8688 1.6000
138.4450 -1.8451 1.6000
133.4460 -1.8896 1.6000
135.9540 -2.8673 1.6000
135.9370 -0.8674 1.6000
138.6120 -1.8621 1.6000
133.6120 -1.8719 1.6000
136.1140 -2.8670 1.6000
136.1100 -0.8670 1.6000
138.7790 -1.8670 1.6000
133.7790 -1.8670 1.6000
136.2790 -2.8670 1.6000
136.2790 -0.8670 1.6000
138.9450 -1.8660 1.6000
133.9450 -1.8679 1.6000
136.4460 -2.8669 1.6000
136.4450 -0.8669 1.6000
139.1120 -1.8665 1.6000
134.1120 -1.8673 1.6000
136.6120 -2.8669 1.6000
136.6120 -0.8669 1.6000
139.2790 -1.8630 1.6000
134.2790 -1.8704 1.6000
136.7800 -2.8667 1.6000
136.7770 -0.8667 1.6000
139.4450 -1.8583 1.6000
134.4460 -1.8740 1.6000
136.9490 -2.8661 1.6000
136.9420 -0.8662 1.6000
139.6120 -1.8709 1.6000
134.6120 -1.8620 1.6000
137.1100 -2.8664 1.6000
137.1140 -0.8665 1.6000
139.7790 -1.8667 1.6000
134.7790 -1.8662 1.6000
137.2790 -2.8665 1.6000
137.2790 -0.8665 1.6000
139.9450 -1.8616 1.6000
134.9450 -1.8707 1.6000
137.4470 -2.8662 1.6000
137.4440 -0.8662 1.6000
140.1120 -1.8785 1.6000
135.1120 -1.8553 1.6000
137.6070 -2.8669 1.6000
137.6170 -0.8669 1.6000
140.2790 -1.8598 1.6000
135.2790 -1.8732 1.6000
137.7820 -2.8665 1.6000
137.7760 -0.8665 1.6000
140.4450 -1.8752 1.6000
135.4450 -1.8588 1.6000
137.9420 -2.8670 1.6000
137.9490 -0.8670 1.6000
140.6120 -1.8606 1.6000
135.6120 -1.8726 1.6000
138.1150 -2.8666 1.6000
138.1100 -0.8666 1.6000
140.7790 -1.8615 1.6000
135.7790 -1.8711 1.6000
138.2810 -2.8663 1.6000
138.2770 -0.8663 1.6000
140.9450 -1.8376 1.6000
135.9460 -1.8914 1.6000
138.4560 -2.8645 1.6000
138.4350 -0.8646 1.6000
141.1120 -1.8250 1.6000
136.1120 -1.8991 1.6000
138.6270 -2.8619 1.6000
138.5970 -0.8622 1.6000
141.2790 -1.8201 1.6000
136.2790 -1.8987 1.6000
138.7950 -2.8593 1.6000
138.7630 -0.8595 1.6000
141.4450 -1.8449 1.6000
136.4460 -1.8721 1.6000
138.9510 -2.8585 1.6000
138.9400 -0.8585 1.6000
141.6120 -1.8205 1.6000
136.6120 -1.8918 1.6000
139.1260 -2.8560 1.6000
139.0980 -0.8562 1.6000
141.7790 -1.8449 1.6000
136.7790 -1.8660 1.6000
139.2830 -2.8554 1.6000
139.2750 -0.8554 1.6000
141.9450 -1.8284 1.6000
136.9460 -1.8790 1.6000
139.4560 -2.8537 1.6000
139.4350 -0.8538 1.6000
142.1120 -1.8214 1.6000
137.1120 -1.8821 1.6000
139.6240 -2.8516 1.6000
139.6000 -0.8518 1.6000
142.2780 -1.7994 1.6000
137.2790 -1.8975 1.6000
139.7990 -2.8483 1.6000
139.7590 -0.8486 1.6000
142.4450 -1.8030 1.6000
137.4460 -1.8882 1.6000
139.9630 -2.8455 1.6000
139.9290 -0.8458 1.6000
142.6120 -1.8074 1.6000
137.6120 -1.8790 1.6000
140.1270 -2.8431 1.6000
140.0980 -0.8433 1.6000
142.7780 -1.7949 1.6000
137.7790 -1.8855 1.6000
140.2970 -2.8400 1.6000
140.2610 -0.8404 1.6000
142.9450 -1.7937 1.6000
137.9460 -1.8809 1.6000
140.4630 -2.8371 1.6000
140.4280 -0.8374 1.6000
143.1120 -1.7776 1.6000
138.1130 -1.8895 1.6000
140.6350 -2.8333 1.6000
140.5900 -0.8338 1.6000
143.2780 -1.7811 1.6000
138.2790 -1.8795 1.6000
140.7990 -2.8301 1.6000
140.7590 -0.8305 1.6000
143.4450 -1.7704 1.6000
138.4460 -1.8827 1.6000
140.9680 -2.8263 1.6000
140.9230 -0.8268 1.6000
143.6110 -1.7614 1.6000
138.6130 -1.8835 1.6000
141.1370 -2.8222 1.6000
141.0880 -0.8228 1.6000
143.7780 -1.7711 1.6000
138.7790 -1.8675 1.6000
141.2980 -2.8191 1.6000
141.2600 -0.8194 1.6000
143.9450 -1.7665 1.6000
138.9460 -1.8654 1.6000
141.4650 -2.8158 1.6000
141.4260 -0.8162 1.6000
144.1120 -1.7557 1.6000
139.1130 -1.8687 1.6000
141.6350 -2.8119 1.6000
141.5900 -0.8124 1.6000
144.2780 -1.7609 1.6000
139.2790 -1.8571 1.6000
141.7980 -2.8088 1.6000
141.7600 -0.8092 1.6000
144.4450 -1.7579 1.6000
139.4460 -1.8537 1.6000
141.9650 -2.8056 1.6000
141.9260 -0.8060 1.6000
144.6120 -1.7500 1.6000
139.6130 -1.8546 1.6000
142.1330 -2.8021 1.6000
142.0910 -0.8025 1.6000
144.7780 -1.7466 1.6000
139.7790 -1.8511 1.6000
142.3000 -2.7986 1.6000
142.2580 -0.7990 1.6000
144.9450 -1.7434 1.6000
139.9460 -1.8473 1.6000
142.4660 -2.7951 1.6000
142.4250 -0.7956 1.6000
145.1120 -1.7494 1.6000
140.1130 -1.8356 1.6000
142.6290 -2.7923 1.6000
142.5950 -0.7926 1.6000
145.2790 -1.7712 1.6000
140.2790 -1.8111 1.6000
142.7870 -2.7911 1.6000
142.7710 -0.7912 1.6000
145.4450 -1.7450 1.6000
140.4460 -1.8316 1.6000
142.9630 -2.7881 1.6000
142.9280 -0.7884 1.6000
145.6120 -1.7434 1.6000
140.6130 -1.8275 1.6000
143.1290 -2.7853 1.6000
143.0950 -0.7856 1.6000
145.7780 -1.7370 1.6000
140.7790 -1.8279 1.6000
143.2970 -2.7823 1.6000
143.2610 -0.7826 1.6000
145.9450 -1.7309 1.6000
140.9460 -1.8275 1.6000
143.4650 -2.7790 1.6000
143.4260 -0.7794 1.6000
146.1110 -1.6959 1.6000
141.1130 -1.8521 1.6000
143.6430 -2.7735 1.6000
143.5810 -0.7745 1.6000
146.2790 -1.7303 1.6000
141.2790 -1.8122 1.6000
143.7950 -2.7712 1.6000
143.7620 -0.7714 1.6000
146.4450 -1.7245 1.6000
141.4460 -1.8122 1.6000
143.9630 -2.7682 1.6000
143.9280 -0.7685 1.6000
146.6120 -1.7271 1.6000
141.6130 -1.8045 1.6000
144.1280 -2.7657 1.6000
144.0970 -0.7659 1.6000
146.7780 -1.7146 1.6000
141.7790 -1.8105 1.6000
144.2980 -2.7624 1.6000
144.2600 -0.7628 1.6000
146.9450 -1.7064 1.6000
141.9460 -1.8117 1.6000
144.4670 -2.7588 1.6000
144.4250 -0.7593 1.6000
147.1110 -1.6919 1.6000
142.1130 -1.8178 1.6000
144.6370 -2.7546 1.6000
144.5870 -0.7552 1.6000
147.2790 -1.7352 1.6000
142.2790 -1.7721 1.6000
144.7860 -2.7536 1.6000
144.7710 -0.7537 1.6000
147.4450 -1.7367 1.6000
142.4460 -1.7684 1.6000
144.9520 -2.7526 1.6000
144.9390 -0.7526 1.6000
147.6120 -1.7339 1.6000
142.6120 -1.7689 1.6000
145.1190 -2.7514 1.6000
145.1050 -0.7514 1.6000
147.7790 -1.7352 1.6000
142.7790 -1.7656 1.6000
145.2850 -2.7504 1.6000
145.2730 -0.7504 1.6000
147.9450 -1.7299 1.6000
142.9460 -1.7683 1.6000
145.4530 -2.7491 1.6000
145.4380 -0.7492 1.6000
148.1120 -1.7305 1.6000
143.1120 -1.7654 1.6000
145.6190 -2.7479 1.6000
145.6050 -0.7480 1.6000
148.2790 -1.7477 1.6000
143.2790 -1.7481 1.6000
145.7790 -2.7479 1.6000
145.7790 -0.7479 1.6000
148.4450 -1.7564 1.6000
143.4450 -1.7405 1.6000
145.9420 -2.7485 1.6000
145.9490 -0.7485 1.6000
148.6120 -1.7340 1.6000
143.6120 -1.7611 1.6000
146.1180 -2.7475 1.6000
146.1070 -0.7476 1.6000
148.7790 -1.7495 1.6000
143.7790 -1.7459 1.6000
146.2780 -2.7477 1.6000
146.2800 -0.7477 1.6000
148.9450 -1.7448 1.6000
143.9450 -1.7502 1.6000
146.4470 -2.7475 1.6000
146.4440 -0.7475 1.6000
149.1120 -1.7534 1.6000
144.1120 -1.7423 1.6000
146.6100 -2.7479 1.6000
146.6140 -0.7479 1.6000
149.2790 -1.7402 1.6000
144.2790 -1.7546 1.6000
146.7820 -2.7474 1.6000
146.7760 -0.7474 1.6000
149.4450 -1.7571 1.6000
144.4450 -1.7389 1.6000
146.9420 -2.7480 1.6000
146.9490 -0.7480 1.6000
149.6120 -1.7526 1.6000
144.6120 -1.7440 1.6000
147.1100 -2.7483 1.6000
147.1140 -0.7483 1.6000
149.7790 -1.7625 1.6000
144.7790 -1.7359 1.6000
147.2730 -2.7492 1.6000
147.2840 -0.7492 1.6000
149.9450 -1.7620 1.6000
144.9450 -1.7379 1.6000
147.4410 -2.7500 1.6000
147.4500 -0.7500 1.6000
150.1120 -1.7719 1.6000
145.1120 -1.7308 1.6000
147.6040 -2.7513 1.6000
147.6200 -0.7514 1.6000
150.2790 -1.7754 1.6000
145.2790 -1.7303 1.6000
147.7700 -2.7528 1.6000
147.7880 -0.7529 1.6000
150.4450 -1.7616 1.6000
145.4450 -1.7452 1.6000
147.9420 -2.7534 1.6000
147.9490 -0.7534 1.6000
150.6120 -1.7801 1.6000
145.6120 -1.7301 1.6000
148.1020 -2.7550 1.6000
148.1220 -0.7551 1.6000
150.7790 -1.7588 1.6000
145.7790 -1.7518 1.6000
148.2770 -2.7553 1.6000
148.2800 -0.7553 1.6000
150.9450 -1.7613 1.6000
145.9450 -1.7501 1.6000
148.4430 -2.7557 1.6000
148.4480 -0.7557 1.6000
151.1120 -1.7477 1.6000
146.1120 -1.7627 1.6000
148.6150 -2.7552 1.6000
148.6090 -0.7552 1.6000
151.2790 -1.7826 1.6000
146.2790 -1.7312 1.6000
148.7690 -2.7568 1.6000
148.7890 -0.7569 1.6000
151.4450 -1.7431 1.6000
146.4460 -1.7690 1.6000
148.9510 -2.7560 1.6000
148.9400 -0.7560 1.6000
151.6120 -1.7386 1.6000
146.6120 -1.7713 1.6000
149.1190 -2.7549 1.6000
149.1060 -0.7550 1.6000
151.7790 -1.7521 1.6000
146.7790 -1.7574 1.6000
149.2800 -2.7548 1.6000
149.2780 -0.7548 1.6000
151.9450 -1.7490 1.6000
146.9450 -1.7598 1.6000
149.4480 -2.7544 1.6000
149.4430 -0.7544 1.6000
152.1120 -1.7456 1.6000
147.1120 -1.7621 1.6000
149.6150 -2.7539 1.6000
149.6090 -0.7539 1.6000
152.2790 -1.7556 1.6000
147.2790 -1.7523 1.6000
149.7780 -2.7540 1.6000
149.7790 -0.7540 1.6000
152.4450 -1.7723 1.6000
147.4460 -1.7379 1.6000
149.9390 -2.7551 1.6000
149.9520 -0.7551 1.6000
152.6120 -1.7763 1.6000
147.6120 -1.7366 1.6000
150.1040 -2.7564 1.6000
150.1200 -0.7565 1.6000
152.7790 -1.7758 1.6000
147.7790 -1.7395 1.6000
150.2720 -2.7576 1.6000
150.2860 -0.7577 1.6000
152.9450 -1.7773 1.6000
147.9460 -1.7404 1.6000
150.4380 -2.7589 1.6000
150.4530 -0.7589 1.6000
153.1120 -1.7885 1.6000
148.1120 -1.7330 1.6000
150.6010 -2.7607 1.6000
150.6230 -0.7608 1.6000
153.2790 -1.7819 1.6000
148.2790 -1.7422 1.6000
150.7710 -2.7620 1.6000
150.7870 -0.7621 1.6000
153.4450 -1.7736 1.6000
148.4450 -1.7520 1.6000
150.9410 -2.7628 1.6000
150.9500 -0.7628 1.6000
153.6120 -1.7705 1.6000
148.6120 -1.7561 1.6000
151.1090 -2.7633 1.6000
151.1150 -0.7633 1.6000
153.7790 -1.7544 1.6000
148.7790 -1.7710 1.6000
151.2820 -2.7627 1.6000
151.2760 -0.7627 1.6000
153.9450 -1.7420 1.6000
148.9460 -1.7808 1.6000
151.4530 -2.7614 1.6000
151.4380 -0.7614 1.6000
154.1120 -1.7501 1.6000
149.1120 -1.7713 1.6000
151.6160 -2.7607 1.6000
151.6080 -0.7607 1.6000
154.2790 -1.7523 1.6000
149.2790 -1.7681 1.6000
151.7820 -2.7602 1.6000
151.7760 -0.7602 1.6000
154.4450 -1.7367 1.6000
149.4460 -1.7807 1.6000
151.9540 -2.7587 1.6000
151.9370 -0.7587 1.6000
154.6120 -1.7217 1.6000
149.6120 -1.7911 1.6000
152.1260 -2.7563 1.6000
152.0980 -0.7565 1.6000
154.7790 -1.7231 1.6000
149.7790 -1.7855 1.6000
152.2910 -2.7542 1.6000
152.2660 -0.7544 1.6000
154.9450 -1.7136 1.6000
149.9460 -1.7899 1.6000
152.4610 -2.7517 1.6000
152.4300 -0.7519 1.6000
155.1120 -1.7131 1.6000
150.1120 -1.7856 1.6000
152.6270 -2.7492 1.6000
152.5980 -0.7495 1.6000
155.2790 -1.7076 1.6000
150.2790 -1.7859 1.6000
152.7950 -2.7466 1.6000
152.7630 -0.7469 1.6000
155.4450 -1.6750 1.6000
150.4460 -1.8095 1.6000
152.9720 -2.7419 1.6000
152.9190 -0.7426 1.6000
155.6120 -1.6863 1.6000
150.6130 -1.7912 1.6000
153.1330 -2.7386 1.6000
153.0910 -0.7390 1.6000
155.7780 -1.6726 1.6000
150.7800 -1.7966 1.6000
153.3040 -2.7343 1.6000
153.2540 -0.7349 1.6000
155.9450 -1.6848 1.6000
150.9460 -1.7782 1.6000
153.4640 -2.7313 1.6000
153.4270 -0.7317 1.6000
