UE positions (x y z)
106.4960 -1.9635 1.6000
101.4990 -2.1433 1.6000
104.0330 -3.0528 1.6000
103.9610 -1.0541 1.6000
106.6630 -1.9639 1.6000
101.6650 -2.1317 1.6000
104.1980 -3.0473 1.6000
104.1310 -1.0484 1.6000
106.8300 -1.9726 1.6000
101.8320 -2.1136 1.6000
104.3590 -3.0427 1.6000
104.3030 -1.0435 1.6000
106.9960 -1.9641 1.6000
101.9990 -2.1122 1.6000
104.5270 -3.0377 1.6000
104.4680 -1.0386 1.6000
107.1630 -1.9644 1.6000
102.1650 -2.1027 1.6000
104.6920 -3.0332 1.6000
104.6360 -1.0339 1.6000
107.3290 -1.9297 1.6000
102.3330 -2.1245 1.6000
104.8700 -3.0263 1.6000
104.7920 -1.0278 1.6000
107.4960 -1.9397 1.6000
102.4990 -2.1035 1.6000
105.0300 -3.0211 1.6000
104.9650 -1.0221 1.6000
107.6630 -1.9331 1.6000
102.6650 -2.0991 1.6000
105.1970 -3.0155 1.6000
105.1310 -1.0166 1.6000
107.8290 -1.9252 1.6000
102.8320 -2.0956 1.6000
105.3650 -3.0098 1.6000
105.2970 -1.0110 1.6000
107.9960 -1.9152 1.6000
102.9990 -2.0937 1.6000
105.5330 -3.0038 1.6000
105.4620 -1.0051 1.6000
108.1630 -1.9285 1.6000
103.1650 -2.0709 1.6000
105.6930 -2.9993 1.6000
105.6360 -1.0001 1.6000
108.3300 -1.9251 1.6000
103.3320 -2.0649 1.6000
105.8590 -2.9947 1.6000
105.8030 -0.9954 1.6000
108.4970 -1.9252 1.6000
103.4980 -2.0562 1.6000
106.0240 -2.9903 1.6000
105.9710 -0.9910 1.6000
108.6640 -1.9607 1.6000
103.6640 -2.0169 1.6000
106.1750 -2.9887 1.6000
106.1530 -0.9889 1.6000
108.8300 -1.9245 1.6000
103.8310 -2.0450 1.6000
106.3550 -2.9845 1.6000
106.3070 -0.9851 1.6000
108.9970 -1.9255 1.6000
103.9980 -2.0367 1.6000
106.5200 -2.9808 1.6000
106.4750 -0.9813 1.6000
109.1630 -1.9198 1.6000
104.1650 -2.0347 1.6000
106.6870 -2.9770 1.6000
106.6410 -0.9775 1.6000
109.3300 -1.9400 1.6000
104.3310 -2.0098 1.6000
106.8450 -2.9748 1.6000
106.8170 -0.9750 1.6000
109.4960 -1.9006 1.6000
104.4980 -2.0399 1.6000
107.0250 -2.9699 1.6000
106.9700 -0.9707 1.6000
109.6630 -1.9138 1.6000
104.6650 -2.0197 1.6000
107.1850 -2.9665 1.6000
107.1430 -0.9670 1.6000
109.8300 -1.9014 1.6000
104.8310 -2.0239 1.6000
107.3550 -2.9624 1.6000
107.3060 -0.9630 1.6000
109.9970 -1.8964 1.6000
104.9980 -2.0207 1.6000
107.5220 -2.9582 1.6000
107.4730 -0.9588 1.6000
110.1630 -1.8982 1.6000
105.1650 -2.0113 1.6000
107.6870 -2.9545 1.6000
107.6410 -0.9550 1.6000
110.3310 -1.9340 1.6000
105.3310 -1.9729 1.6000
107.8380 -2.9534 1.6000
107.8230 -0.9535 1.6000
110.4970 -1.9025 1.6000
105.4980 -1.9980 1.6000
108.0160 -2.9501 1.6000
107.9780 -0.9505 1.6000
110.6640 -1.9366 1.6000
105.6640 -1.9622 1.6000
108.1690 -2.9494 1.6000
108.1590 -0.9494 1.6000
110.8310 -1.9182 1.6000
105.8310 -1.9767 1.6000
108.3420 -2.9474 1.6000
108.3190 -0.9475 1.6000
110.9970 -1.9515 1.6000
105.9970 -1.9439 1.6000
108.4960 -2.9477 1.6000
108.4990 -0.9477 1.6000
111.1640 -1.9493 1.6000
106.1640 -1.9463 1.6000
108.6630 -2.9478 1.6000
108.6650 -0.9478 1.6000
111.3310 -1.9390 1.6000
106.3310 -1.9555 1.6000
108.8340 -2.9473 1.6000
108.8270 -0.9473 1.6000
111.4970 -1.9252 1.6000
106.4970 -1.9666 1.6000
109.0060 -2.9459 1.6000
108.9890 -0.9459 1.6000
111.6640 -1.9400 1.6000
106.6640 -1.9510 1.6000
109.1660 -2.9455 1.6000
109.1620 -0.9455 1.6000
111.8310 -1.9429 1.6000
106.8310 -1.9478 1.6000
109.3320 -2.9454 1.6000
109.3300 -0.9454 1.6000
111.9970 -1.9260 1.6000
106.9970 -1.9623 1.6000
109.5050 -2.9441 1.6000
109.4900 -0.9442 1.6000
112.1640 -1.9345 1.6000
107.1640 -1.9526 1.6000
109.6680 -2.9435 1.6000
109.6600 -0.9436 1.6000
112.3310 -1.9182 1.6000
107.3310 -1.9658 1.6000
109.8400 -2.9419 1.6000
109.8210 -0.9420 1.6000
112.4970 -1.9045 1.6000
107.4980 -1.9747 1.6000
110.0110 -2.9395 1.6000
109.9830 -0.9397 1.6000
112.6640 -1.9045 1.6000
107.6640 -1.9703 1.6000
110.1770 -2.9373 1.6000
110.1510 -0.9375 1.6000
112.8310 -1.9117 1.6000
107.8310 -1.9600 1.6000
110.3400 -2.9358 1.6000
110.3210 -0.9359 1.6000
112.9970 -1.9282 1.6000
107.9970 -1.9425 1.6000
110.5000 -2.9353 1.6000
110.4940 -0.9354 1.6000
113.1640 -1.9480 1.6000
108.1640 -1.9243 1.6000
110.6590 -2.9361 1.6000
110.6690 -0.9361 1.6000
113.3310 -1.9235 1.6000
108.3310 -1.9472 1.6000
110.8350 -2.9353 1.6000
110.8260 -0.9354 1.6000
113.4970 -1.9316 1.6000
108.4970 -1.9387 1.6000
110.9990 -2.9351 1.6000
110.9960 -0.9351 1.6000
113.6640 -1.9210 1.6000
108.6640 -1.9474 1.6000
111.1690 -2.9342 1.6000
111.1590 -0.9342 1.6000
113.8300 -1.9590 1.6000
108.8310 -1.9126 1.6000
111.3210 -2.9357 1.6000
111.3400 -0.9358 1.6000
113.9970 -1.9512 1.6000
108.9970 -1.9223 1.6000
111.4920 -2.9367 1.6000
111.5030 -0.9368 1.6000
114.1640 -1.9442 1.6000
109.1640 -1.9302 1.6000
111.6610 -2.9372 1.6000
111.6670 -0.9372 1.6000
114.3310 -1.9579 1.6000
109.3310 -1.9191 1.6000
111.8230 -2.9385 1.6000
111.8380 -0.9385 1.6000
114.4970 -1.9473 1.6000
109.4970 -1.9308 1.6000
111.9940 -2.9390 1.6000
112.0010 -0.9391 1.6000
114.6640 -1.9439 1.6000
109.6640 -1.9348 1.6000
112.1620 -2.9394 1.6000
112.1660 -0.9394 1.6000
114.8310 -1.9464 1.6000
109.8310 -1.9332 1.6000
112.3280 -2.9398 1.6000
112.3330 -0.9398 1.6000
114.9970 -1.9341 1.6000
109.9970 -1.9447 1.6000
112.4990 -2.9394 1.6000
112.4950 -0.9394 1.6000
115.1640 -1.9444 1.6000
110.1640 -1.9351 1.6000
112.6620 -2.9398 1.6000
112.6660 -0.9398 1.6000
115.3310 -1.9428 1.6000
110.3310 -1.9370 1.6000
112.8290 -2.9399 1.6000
112.8320 -0.9399 1.6000
115.4970 -1.9319 1.6000
110.4970 -1.9469 1.6000
113.0000 -2.9394 1.6000
112.9940 -0.9394 1.6000
115.6640 -1.9431 1.6000
110.6640 -1.9362 1.6000
113.1630 -2.9397 1.6000
113.1650 -0.9397 1.6000
115.8310 -1.9397 1.6000
110.8310 -1.9397 1.6000
113.3310 -2.9397 1.6000
113.3310 -0.9397 1.6000
115.9970 -1.9348 1.6000
110.9970 -1.9439 1.6000
113.4990 -2.9394 1.6000
113.4960 -0.9394 1.6000
116.1640 -1.9372 1.6000
111.1640 -1.9412 1.6000
113.6650 -2.9392 1.6000
113.6630 -0.9392 1.6000
116.3310 -1.9191 1.6000
111.3310 -1.9569 1.6000
113.8380 -2.9379 1.6000
113.8230 -0.9380 1.6000
116.4970 -1.9432 1.6000
111.4970 -1.9334 1.6000
113.9950 -2.9383 1.6000
113.9990 -0.9383 1.6000
116.6640 -1.9494 1.6000
111.6640 -1.9286 1.6000
114.1600 -2.9390 1.6000
114.1680 -0.9390 1.6000
116.8310 -1.9542 1.6000
111.8310 -1.9257 1.6000
114.3250 -2.9399 1.6000
114.3360 -0.9400 1.6000
116.9970 -1.9412 1.6000
111.9970 -1.9389 1.6000
114.4970 -2.9400 1.6000
114.4980 -0.9400 1.6000
117.1640 -1.9406 1.6000
112.1640 -1.9395 1.6000
114.6640 -2.9401 1.6000
114.6640 -0.9401 1.6000
117.3310 -1.9432 1.6000
112.3310 -1.9373 1.6000
114.8290 -2.9403 1.6000
114.8320 -0.9403 1.6000
117.4970 -1.9299 1.6000
112.4970 -1.9493 1.6000
115.0010 -2.9396 1.6000
114.9930 -0.9396 1.6000
117.6640 -1.9132 1.6000
112.6640 -1.9628 1.6000
115.1740 -2.9379 1.6000
115.1540 -0.9380 1.6000
117.8310 -1.9148 1.6000
112.8310 -1.9582 1.6000
115.3390 -2.9365 1.6000
115.3220 -0.9366 1.6000
117.9970 -1.9093 1.6000
112.9970 -1.9603 1.6000
115.5080 -2.9348 1.6000
115.4870 -0.9349 1.6000
118.1640 -1.9048 1.6000
113.1640 -1.9611 1.6000
115.6750 -2.9329 1.6000
115.6530 -0.9330 1.6000
118.3310 -1.9373 1.6000
113.3310 -1.9291 1.6000
115.8290 -2.9332 1.6000
115.8320 -0.9332 1.6000
118.4970 -1.9266 1.6000
113.4970 -1.9390 1.6000
116.0000 -2.9328 1.6000
115.9950 -0.9328 1.6000
118.6640 -1.9223 1.6000
113.6640 -1.9419 1.6000
116.1680 -2.9321 1.6000
116.1600 -0.9322 1.6000
118.8310 -1.9350 1.6000
113.8310 -1.9297 1.6000
116.3300 -2.9323 1.6000
116.3320 -0.9323 1.6000
118.9970 -1.9271 1.6000
113.9970 -1.9369 1.6000
116.4990 -2.9320 1.6000
116.4950 -0.9320 1.6000
119.1640 -1.9439 1.6000
114.1640 -1.9216 1.6000
116.6590 -2.9327 1.6000
116.6680 -0.9327 1.6000
119.3310 -1.9297 1.6000
114.3310 -1.9354 1.6000
116.8320 -2.9325 1.6000
116.8300 -0.9326 1.6000
119.4970 -1.9506 1.6000
114.4970 -1.9167 1.6000
116.9910 -2.9337 1.6000
117.0040 -0.9337 1.6000
119.6640 -1.9422 1.6000
114.6640 -1.9263 1.6000
117.1610 -2.9342 1.6000
117.1670 -0.9342 1.6000
119.8310 -1.9430 1.6000
114.8310 -1.9265 1.6000
117.3270 -2.9348 1.6000
117.3340 -0.9348 1.6000
119.9970 -1.9429 1.6000
114.9970 -1.9276 1.6000
117.4940 -2.9353 1.6000
117.5000 -0.9353 1.6000
120.1640 -1.9547 1.6000
115.1640 -1.9182 1.6000
117.6570 -2.9365 1.6000
117.6710 -0.9365 1.6000
120.3310 -1.9459 1.6000
115.3310 -1.9282 1.6000
117.8270 -2.9371 1.6000
117.8340 -0.9371 1.6000
120.4970 -1.9309 1.6000
115.4970 -1.9425 1.6000
118.0000 -2.9367 1.6000
117.9950 -0.9367 1.6000
120.6640 -1.9236 1.6000
115.6640 -1.9481 1.6000
118.1690 -2.9359 1.6000
118.1590 -0.9359 1.6000
120.8310 -1.9196 1.6000
115.8310 -1.9501 1.6000
118.3370 -2.9348 1.6000
118.3250 -0.9349 1.6000
120.9970 -1.8884 1.6000
115.9980 -1.9755 1.6000
118.5150 -2.9318 1.6000
118.4800 -0.9321 1.6000
121.1640 -1.8894 1.6000
116.1640 -1.9691 1.6000
118.6800 -2.9292 1.6000
118.6480 -0.9294 1.6000
121.3300 -1.8806 1.6000
116.3310 -1.9719 1.6000
118.8490 -2.9261 1.6000
118.8120 -0.9264 1.6000
121.4970 -1.8851 1.6000
116.4980 -1.9623 1.6000
119.0130 -2.9236 1.6000
118.9820 -0.9238 1.6000
121.6640 -1.8923 1.6000
116.6640 -1.9511 1.6000
119.1760 -2.9217 1.6000
119.1520 -0.9218 1.6000
121.8300 -1.8886 1.6000
116.8310 -1.9507 1.6000
119.3430 -2.9196 1.6000
119.3180 -0.9197 1.6000
121.9970 -1.8785 1.6000
116.9980 -1.9557 1.6000
119.5130 -2.9170 1.6000
119.4820 -0.9172 1.6000
122.1640 -1.8698 1.6000
117.1640 -1.9584 1.6000
119.6820 -2.9140 1.6000
119.6460 -0.9143 1.6000
122.3300 -1.8639 1.6000
117.3310 -1.9581 1.6000
119.8500 -2.9108 1.6000
119.8120 -0.9112 1.6000
122.4970 -1.8768 1.6000
117.4980 -1.9409 1.6000
120.0100 -2.9088 1.6000
119.9850 -0.9089 1.6000
122.6640 -1.8631 1.6000
117.6640 -1.9489 1.6000
120.1810 -2.9058 1.6000
120.1470 -0.9061 1.6000
122.8300 -1.8727 1.6000
117.8310 -1.9351 1.6000
120.3430 -2.9038 1.6000
120.3180 -0.9040 1.6000
122.9970 -1.8550 1.6000
117.9980 -1.9467 1.6000
120.5160 -2.9007 1.6000
120.4790 -0.9010 1.6000
123.1640 -1.8582 1.6000
118.1640 -1.9382 1.6000
120.6800 -2.8981 1.6000
120.6480 -0.8983 1.6000
123.3310 -1.8747 1.6000
118.3310 -1.9187 1.6000
120.8390 -2.8967 1.6000
120.8220 -0.8968 1.6000
123.4970 -1.8518 1.6000
118.4980 -1.9361 1.6000
121.0140 -2.8938 1.6000
120.9800 -0.8941 1.6000
123.6640 -1.8678 1.6000
118.6640 -1.9168 1.6000
121.1740 -2.8922 1.6000
121.1540 -0.8923 1.6000
123.8310 -1.8718 1.6000
118.8310 -1.9102 1.6000
121.3380 -2.8910 1.6000
121.3230 -0.8910 1.6000
123.9970 -1.8698 1.6000
118.9970 -1.9096 1.6000
121.5050 -2.8896 1.6000
121.4890 -0.8897 1.6000
124.1640 -1.8695 1.6000
119.1640 -1.9074 1.6000
121.6720 -2.8884 1.6000
121.6560 -0.8884 1.6000
124.3310 -1.8651 1.6000
119.3310 -1.9088 1.6000
121.8390 -2.8869 1.6000
121.8220 -0.8870 1.6000
124.4970 -1.8597 1.6000
119.4970 -1.9108 1.6000
122.0080 -2.8852 1.6000
121.9870 -0.8853 1.6000
124.6640 -1.8714 1.6000
119.6640 -1.8974 1.6000
122.1690 -2.8844 1.6000
122.1590 -0.8844 1.6000
124.8310 -1.8664 1.6000
119.8310 -1.9001 1.6000
122.3370 -2.8832 1.6000
122.3240 -0.8833 1.6000
124.9970 -1.8603 1.6000
119.9970 -1.9033 1.6000
122.5060 -2.8818 1.6000
122.4890 -0.8819 1.6000
125.1640 -1.8765 1.6000
120.1640 -1.8865 1.6000
122.6660 -2.8815 1.6000
122.6620 -0.8815 1.6000
125.3310 -1.8571 1.6000
120.3310 -1.9029 1.6000
122.8400 -2.8799 1.6000
122.8220 -0.8800 1.6000
125.4970 -1.8718 1.6000
120.4970 -1.8871 1.6000
123.0000 -2.8794 1.6000
122.9940 -0.8795 1.6000
125.6640 -1.8564 1.6000
120.6640 -1.8996 1.6000
123.1730 -2.8780 1.6000
123.1550 -0.8781 1.6000
125.8310 -1.8565 1.6000
120.8310 -1.8968 1.6000
123.3390 -2.8766 1.6000
123.3230 -0.8767 1.6000
125.9970 -1.8320 1.6000
120.9980 -1.9158 1.6000
123.5140 -2.8737 1.6000
123.4810 -0.8740 1.6000
126.1640 -1.8187 1.6000
121.1650 -1.9222 1.6000
123.6850 -2.8702 1.6000
123.6430 -0.8706 1.6000
126.3300 -1.8132 1.6000
121.3310 -1.9205 1.6000
123.8520 -2.8666 1.6000
123.8090 -0.8671 1.6000
126.4970 -1.8373 1.6000
121.4970 -1.8927 1.6000
124.0080 -2.8649 1.6000
123.9860 -0.8651 1.6000
126.6640 -1.8123 1.6000
121.6650 -1.9111 1.6000
124.1840 -2.8615 1.6000
124.1440 -0.8619 1.6000
126.8310 -1.8360 1.6000
121.8310 -1.8842 1.6000
124.3400 -2.8601 1.6000
124.3210 -0.8601 1.6000
126.9970 -1.8190 1.6000
121.9980 -1.8961 1.6000
124.5130 -2.8574 1.6000
124.4820 -0.8577 1.6000
127.1640 -1.8113 1.6000
122.1640 -1.8980 1.6000
124.6810 -2.8545 1.6000
124.6470 -0.8548 1.6000
127.3300 -1.7888 1.6000
122.3310 -1.9123 1.6000
124.8550 -2.8502 1.6000
124.8060 -0.8508 1.6000
127.4970 -1.7918 1.6000
122.4980 -1.9019 1.6000
125.0190 -2.8466 1.6000
124.9750 -0.8471 1.6000
127.6640 -1.7957 1.6000
122.6640 -1.8916 1.6000
125.1830 -2.8435 1.6000
125.1450 -0.8438 1.6000
127.8300 -1.7827 1.6000
122.8310 -1.8970 1.6000
125.3540 -2.8396 1.6000
125.3080 -0.8401 1.6000
127.9970 -1.7810 1.6000
122.9980 -1.8913 1.6000
125.5190 -2.8359 1.6000
125.4750 -0.8364 1.6000
128.1630 -1.7645 1.6000
123.1650 -1.8989 1.6000
125.6910 -2.8313 1.6000
125.6370 -0.8321 1.6000
128.3300 -1.7675 1.6000
123.3310 -1.8879 1.6000
125.8550 -2.8274 1.6000
125.8070 -0.8280 1.6000
128.4960 -1.7563 1.6000
123.4980 -1.8901 1.6000
126.0240 -2.8229 1.6000
125.9710 -0.8236 1.6000
128.6630 -1.7470 1.6000
123.6650 -1.8899 1.6000
126.1930 -2.8180 1.6000
126.1350 -0.8189 1.6000
128.8300 -1.7562 1.6000
123.8310 -1.8729 1.6000
126.3540 -2.8143 1.6000
126.3070 -0.8148 1.6000
128.9970 -1.7513 1.6000
123.9980 -1.8700 1.6000
126.5210 -2.8103 1.6000
126.4740 -0.8109 1.6000
129.1630 -1.7401 1.6000
124.1650 -1.8723 1.6000
126.6910 -2.8058 1.6000
126.6380 -0.8066 1.6000
129.3300 -1.7449 1.6000
124.3310 -1.8599 1.6000
126.8540 -2.8021 1.6000
126.8080 -0.8026 1.6000
129.4970 -1.7416 1.6000
124.4980 -1.8556 1.6000
127.0200 -2.7983 1.6000
126.9750 -0.7988 1.6000
129.6630 -1.7333 1.6000
124.6650 -1.8557 1.6000
127.1890 -2.7942 1.6000
127.1400 -0.7948 1.6000
129.8300 -1.7296 1.6000
124.8310 -1.8513 1.6000
127.3550 -2.7901 1.6000
127.3060 -0.7907 1.6000
129.9970 -1.7262 1.6000
124.9980 -1.8466 1.6000
127.5210 -2.7861 1.6000
127.4730 -0.7867 1.6000
130.1640 -1.7318 1.6000
125.1650 -1.8342 1.6000
127.6850 -2.7828 1.6000
127.6440 -0.7832 1.6000
130.3310 -1.7535 1.6000
125.3310 -1.8089 1.6000
127.8420 -2.7811 1.6000
127.8200 -0.7812 1.6000
130.4970 -1.7269 1.6000
125.4980 -1.8287 1.6000
128.0180 -2.7776 1.6000
127.9770 -0.7780 1.6000
130.6640 -1.7251 1.6000
125.6650 -1.8239 1.6000
128.1840 -2.7743 1.6000
128.1440 -0.7747 1.6000
130.8300 -1.7184 1.6000
125.8310 -1.8235 1.6000
128.3520 -2.7708 1.6000
128.3100 -0.7712 1.6000
130.9970 -1.7121 1.6000
125.9980 -1.8225 1.6000
128.5190 -2.7670 1.6000
128.4750 -0.7675 1.6000
131.1630 -1.6769 1.6000
126.1660 -1.8464 1.6000
128.6980 -2.7611 1.6000
128.6300 -0.7622 1.6000
131.3300 -1.7110 1.6000
126.3310 -1.8059 1.6000
128.8500 -2.7583 1.6000
128.8120 -0.7587 1.6000
131.4970 -1.7050 1.6000
126.4980 -1.8052 1.6000
129.0170 -2.7549 1.6000
128.9770 -0.7553 1.6000
131.6640 -1.7074 1.6000
126.6640 -1.7969 1.6000
129.1820 -2.7520 1.6000
129.1460 -0.7523 1.6000
131.8300 -1.6948 1.6000
126.8310 -1.8023 1.6000
129.3520 -2.7483 1.6000
129.3090 -0.7488 1.6000
131.9970 -1.6865 1.6000
126.9980 -1.8029 1.6000
129.5210 -2.7444 1.6000
129.4740 -0.7450 1.6000
132.1630 -1.6718 1.6000
127.1650 -1.8085 1.6000
129.6910 -2.7398 1.6000
129.6370 -0.7405 1.6000
132.3310 -1.7149 1.6000
127.3310 -1.7622 1.6000
129.8400 -2.7385 1.6000
129.8210 -0.7386 1.6000
132.4970 -1.7163 1.6000
127.4970 -1.7580 1.6000
130.0060 -2.7371 1.6000
129.9890 -0.7372 1.6000
132.6640 -1.7135 1.6000
127.6640 -1.7579 1.6000
130.1730 -2.7357 1.6000
130.1550 -0.7357 1.6000
132.8310 -1.7146 1.6000
127.8310 -1.7541 1.6000
130.3390 -2.7343 1.6000
130.3230 -0.7344 1.6000
132.9970 -1.7093 1.6000
127.9970 -1.7563 1.6000
130.5070 -2.7328 1.6000
130.4880 -0.7329 1.6000
133.1640 -1.7097 1.6000
128.1640 -1.7530 1.6000
130.6730 -2.7313 1.6000
130.6550 -0.7314 1.6000
133.3310 -1.7269 1.6000
128.3310 -1.7352 1.6000
130.8320 -2.7311 1.6000
130.8290 -0.7311 1.6000
133.4970 -1.7355 1.6000
128.4970 -1.7272 1.6000
130.9960 -2.7314 1.6000
130.9990 -0.7314 1.6000
133.6640 -1.7130 1.6000
128.6640 -1.7474 1.6000
131.1710 -2.7302 1.6000
131.1570 -0.7302 1.6000
133.8310 -1.7285 1.6000
128.8310 -1.7317 1.6000
131.3310 -2.7301 1.6000
131.3300 -0.7301 1.6000
133.9970 -1.7238 1.6000
128.9970 -1.7356 1.6000
131.5000 -2.7297 1.6000
131.4950 -0.7297 1.6000
134.1640 -1.7323 1.6000
129.1640 -1.7274 1.6000
131.6630 -2.7299 1.6000
131.6650 -0.7299 1.6000
134.3310 -1.7191 1.6000
129.3310 -1.7393 1.6000
131.8350 -2.7292 1.6000
131.8270 -0.7292 1.6000
134.4970 -1.7359 1.6000
129.4970 -1.7233 1.6000
131.9950 -2.7296 1.6000
132.0000 -0.7296 1.6000
134.6640 -1.7314 1.6000
129.6640 -1.7281 1.6000
132.1630 -2.7297 1.6000
132.1650 -0.7297 1.6000
134.8310 -1.7413 1.6000
129.8310 -1.7196 1.6000
132.3260 -2.7304 1.6000
132.3350 -0.7305 1.6000
134.9970 -1.7409 1.6000
129.9970 -1.7213 1.6000
132.4930 -2.7311 1.6000
132.5010 -0.7311 1.6000
135.1640 -1.7508 1.6000
130.1640 -1.7139 1.6000
132.6570 -2.7323 1.6000
132.6710 -0.7324 1.6000
135.3310 -1.7544 1.6000
130.3310 -1.7131 1.6000
132.8220 -2.7337 1.6000
132.8390 -0.7337 1.6000
135.4970 -1.7405 1.6000
130.4970 -1.7277 1.6000
132.9950 -2.7341 1.6000
133.0000 -0.7341 1.6000
135.6640 -1.7591 1.6000
130.6640 -1.7123 1.6000
133.1550 -2.7357 1.6000
133.1730 -0.7357 1.6000
135.8310 -1.7378 1.6000
130.8310 -1.7338 1.6000
133.3300 -2.7358 1.6000
133.3310 -0.7358 1.6000
135.9970 -1.7403 1.6000
130.9970 -1.7319 1.6000
133.4960 -2.7361 1.6000
133.4990 -0.7361 1.6000
136.1640 -1.7268 1.6000
131.1640 -1.7443 1.6000
133.6670 -2.7355 1.6000
133.6600 -0.7355 1.6000
136.3300 -1.7618 1.6000
131.3310 -1.7126 1.6000
133.8210 -2.7371 1.6000
133.8400 -0.7372 1.6000
136.4970 -1.7223 1.6000
131.4970 -1.7502 1.6000
134.0030 -2.7362 1.6000
133.9920 -0.7363 1.6000
136.6640 -1.7179 1.6000
131.6640 -1.7523 1.6000
134.1710 -2.7351 1.6000
134.1570 -0.7351 1.6000
136.8310 -1.7315 1.6000
131.8310 -1.7383 1.6000
134.3320 -2.7349 1.6000
134.3290 -0.7349 1.6000
136.9970 -1.7285 1.6000
131.9970 -1.7405 1.6000
134.5000 -2.7345 1.6000
134.4950 -0.7345 1.6000
137.1640 -1.7251 1.6000
132.1640 -1.7427 1.6000
134.6670 -2.7339 1.6000
134.6600 -0.7339 1.6000
137.3310 -1.7353 1.6000
132.3310 -1.7327 1.6000
134.8300 -2.7340 1.6000
134.8310 -0.7340 1.6000
137.4970 -1.7520 1.6000
132.4970 -1.7182 1.6000
134.9910 -2.7351 1.6000
135.0040 -0.7351 1.6000
137.6640 -1.7561 1.6000
132.6640 -1.7167 1.6000
135.1560 -2.7364 1.6000
135.1720 -0.7364 1.6000
137.8310 -1.7557 1.6000
132.8310 -1.7195 1.6000
135.3230 -2.7376 1.6000
135.3380 -0.7376 1.6000
137.9970 -1.7573 1.6000
132.9970 -1.7204 1.6000
135.4900 -2.7388 1.6000
135.5050 -0.7389 1.6000
138.1640 -1.7686 1.6000
133.1640 -1.7128 1.6000
135.6530 -2.7407 1.6000
135.6750 -0.7408 1.6000
138.3310 -1.7621 1.6000
133.3310 -1.7220 1.6000
135.8230 -2.7420 1.6000
135.8390 -0.7421 1.6000
138.4970 -1.7539 1.6000
133.4970 -1.7316 1.6000
135.9930 -2.7428 1.6000
136.0020 -0.7428 1.6000
138.6640 -1.7509 1.6000
133.6640 -1.7357 1.6000
136.1610 -2.7433 1.6000
136.1670 -0.7433 1.6000
138.8310 -1.7351 1.6000
133.8310 -1.7505 1.6000
136.3340 -2.7428 1.6000
136.3280 -0.7428 1.6000
138.9970 -1.7228 1.6000
133.9970 -1.7603 1.6000
136.5050 -2.7415 1.6000
136.4900 -0.7416 1.6000
139.1640 -1.7310 1.6000
134.1640 -1.7508 1.6000
136.6680 -2.7409 1.6000
136.6600 -0.7409 1.6000
139.3310 -1.7333 1.6000
134.3310 -1.7475 1.6000
136.8330 -2.7404 1.6000
136.8280 -0.7404 1.6000
139.4970 -1.7179 1.6000
134.4970 -1.7601 1.6000
137.0060 -2.7390 1.6000
136.9890 -0.7390 1.6000
139.6640 -1.7030 1.6000
134.6640 -1.7705 1.6000
137.1780 -2.7367 1.6000
137.1510 -0.7368 1.6000
139.8300 -1.7046 1.6000
134.8310 -1.7649 1.6000
137.3430 -2.7347 1.6000
137.3190 -0.7348 1.6000
139.9970 -1.6953 1.6000
134.9980 -1.7693 1.6000
137.5120 -2.7322 1.6000
137.4830 -0.7324 1.6000
140.1640 -1.6948 1.6000
135.1640 -1.7650 1.6000
137.6780 -2.7298 1.6000
137.6500 -0.7300 1.6000
140.3300 -1.6896 1.6000
135.3310 -1.7652 1.6000
137.8460 -2.7273 1.6000
137.8160 -0.7275 1.6000
140.4970 -1.6571 1.6000
135.4980 -1.7889 1.6000
138.0240 -2.7227 1.6000
137.9710 -0.7234 1.6000
140.6640 -1.6686 1.6000
135.6650 -1.7707 1.6000
138.1840 -2.7194 1.6000
138.1440 -0.7198 1.6000
140.8300 -1.6550 1.6000
135.8310 -1.7761 1.6000
138.3550 -2.7153 1.6000
138.3070 -0.7159 1.6000
140.9970 -1.6674 1.6000
135.9980 -1.7577 1.6000
138.5150 -2.7124 1.6000
138.4790 -0.7127 1.6000
141.1640 -1.6581 1.6000
136.1650 -1.7602 1.6000
138.6840 -2.7090 1.6000
138.6440 -0.7094 1.6000
141.3300 -1.6753 1.6000
136.3310 -1.7388 1.6000
138.8430 -2.7070 1.6000
138.8180 -0.7071 1.6000
141.4970 -1.6585 1.6000
136.4980 -1.7495 1.6000
139.0160 -2.7038 1.6000
138.9790 -0.7042 1.6000
141.6640 -1.6601 1.6000
136.6640 -1.7424 1.6000
139.1800 -2.7011 1.6000
139.1480 -0.7014 1.6000
141.8310 -1.6707 1.6000
136.8310 -1.7280 1.6000
139.3420 -2.6993 1.6000
139.3190 -0.6994 1.6000
141.9970 -1.6848 1.6000
136.9970 -1.7121 1.6000
139.5030 -2.6984 1.6000
139.4920 -0.6985 1.6000
142.1640 -1.6925 1.6000
137.1640 -1.7037 1.6000
139.6660 -2.6981 1.6000
139.6620 -0.6981 1.6000
142.3310 -1.7024 1.6000
137.3310 -1.6943 1.6000
139.8290 -2.6983 1.6000
139.8320 -0.6983 1.6000
142.4970 -1.6953 1.6000
137.4970 -1.7010 1.6000
139.9980 -2.6982 1.6000
139.9960 -0.6982 1.6000
142.6640 -1.6982 1.6000
137.6640 -1.6981 1.6000
140.1640 -2.6982 1.6000
140.1640 -0.6982 1.6000
142.8310 -1.6971 1.6000
137.8310 -1.6991 1.6000
140.3310 -2.6981 1.6000
140.3300 -0.6981 1.6000
142.9970 -1.7024 1.6000
137.9970 -1.6944 1.6000
140.4960 -2.6984 1.6000
140.4990 -0.6984 1.6000
143.1640 -1.7006 1.6000
138.1640 -1.6964 1.6000
140.6630 -2.6985 1.6000
140.6650 -0.6985 1.6000
143.3310 -1.6780 1.6000
138.3310 -1.7164 1.6000
140.8380 -2.6972 1.6000
140.8230 -0.6972 1.6000
143.4970 -1.7145 1.6000
138.4970 -1.6821 1.6000
140.9910 -2.6983 1.6000
141.0040 -0.6983 1.6000
143.6640 -1.6909 1.6000
138.6640 -1.7048 1.6000
141.1670 -2.6978 1.6000
141.1610 -0.6978 1.6000
143.8300 -1.7292 1.6000
138.8310 -1.6704 1.6000
141.3190 -2.6997 1.6000
141.3420 -0.6999 1.6000
143.9970 -1.7438 1.6000
138.9980 -1.6613 1.6000
141.4810 -2.7024 1.6000
141.5140 -0.7027 1.6000
144.1630 -1.7571 1.6000
139.1640 -1.6548 1.6000
141.6430 -2.7058 1.6000
141.6840 -0.7062 1.6000
144.3300 -1.7486 1.6000
139.3310 -1.6687 1.6000
141.8150 -2.7085 1.6000
141.8470 -0.7087 1.6000
144.4970 -1.7683 1.6000
139.4980 -1.6564 1.6000
141.9750 -2.7121 1.6000
142.0200 -0.7126 1.6000
144.6640 -1.7504 1.6000
139.6640 -1.6790 1.6000
142.1500 -2.7146 1.6000
142.1780 -0.7148 1.6000
144.8300 -1.7716 1.6000
139.8310 -1.6650 1.6000
142.3090 -2.7181 1.6000
142.3520 -0.7185 1.6000
144.9970 -1.7467 1.6000
139.9970 -1.6934 1.6000
142.4870 -2.7200 1.6000
142.5080 -0.7201 1.6000
145.1640 -1.7468 1.6000
140.1640 -1.6967 1.6000
142.6540 -2.7217 1.6000
142.6740 -0.7218 1.6000
145.3300 -1.7480 1.6000
140.3310 -1.6988 1.6000
142.8210 -2.7233 1.6000
142.8400 -0.7234 1.6000
145.4970 -1.7541 1.6000
140.4970 -1.6965 1.6000
142.9860 -2.7252 1.6000
143.0090 -0.7254 1.6000
145.6640 -1.7614 1.6000
140.6640 -1.6937 1.6000
143.1500 -2.7275 1.6000
143.1770 -0.7276 1.6000
145.8300 -1.7674 1.6000
140.8310 -1.6927 1.6000
143.3160 -2.7299 1.6000
143.3460 -0.7302 1.6000
145.9970 -1.7726 1.6000
140.9980 -1.6928 1.6000
143.4810 -2.7326 1.6000
143.5130 -0.7328 1.6000
146.1640 -1.7676 1.6000
141.1640 -1.7022 1.6000
143.6510 -2.7348 1.6000
143.6770 -0.7350 1.6000
146.3300 -1.7680 1.6000
141.3310 -1.7059 1.6000
143.8180 -2.7369 1.6000
143.8430 -0.7370 1.6000
146.4970 -1.7511 1.6000
141.4970 -1.7246 1.6000
143.9920 -2.7378 1.6000
144.0030 -0.7379 1.6000
146.6640 -1.7617 1.6000
141.6640 -1.7170 1.6000
144.1550 -2.7393 1.6000
144.1730 -0.7394 1.6000
146.8300 -1.7782 1.6000
141.8310 -1.7053 1.6000
144.3160 -2.7416 1.6000
144.3450 -0.7419 1.6000
146.9970 -1.7747 1.6000
141.9970 -1.7129 1.6000
144.4850 -2.7437 1.6000
144.5100 -0.7439 1.6000
147.1630 -1.7957 1.6000
142.1640 -1.6984 1.6000
144.6440 -2.7469 1.6000
144.6830 -0.7472 1.6000
147.3300 -1.7835 1.6000
142.3310 -1.7152 1.6000
144.8170 -2.7492 1.6000
144.8440 -0.7494 1.6000
147.4970 -1.7957 1.6000
142.4980 -1.7088 1.6000
144.9800 -2.7521 1.6000
145.0150 -0.7524 1.6000
147.6640 -1.7803 1.6000
142.6640 -1.7277 1.6000
145.1530 -2.7539 1.6000
145.1740 -0.7540 1.6000
147.8300 -1.8019 1.6000
142.8310 -1.7121 1.6000
145.3130 -2.7568 1.6000
145.3490 -0.7571 1.6000
147.9970 -1.8081 1.6000
142.9980 -1.7123 1.6000
145.4780 -2.7600 1.6000
145.5160 -0.7604 1.6000
148.1640 -1.8071 1.6000
143.1640 -1.7191 1.6000
145.6460 -2.7630 1.6000
145.6810 -0.7633 1.6000
148.3300 -1.8147 1.6000
143.3310 -1.7179 1.6000
145.8110 -2.7662 1.6000
145.8500 -0.7665 1.6000
148.4970 -1.8011 1.6000
143.4970 -1.7359 1.6000
145.9840 -2.7684 1.6000
146.0100 -0.7686 1.6000
148.6640 -1.8132 1.6000
143.6640 -1.7294 1.6000
146.1470 -2.7712 1.6000
146.1810 -0.7714 1.6000
148.8300 -1.8222 1.6000
143.8310 -1.7268 1.6000
146.3110 -2.7743 1.6000
146.3500 -0.7747 1.6000
148.9970 -1.8145 1.6000
143.9980 -1.7395 1.6000
146.4820 -2.7769 1.6000
146.5120 -0.7771 1.6000
149.1630 -1.8323 1.6000
144.1640 -1.7285 1.6000
146.6430 -2.7802 1.6000
146.6850 -0.7807 1.6000
149.3300 -1.8334 1.6000
144.3310 -1.7341 1.6000
146.8110 -2.7835 1.6000
146.8500 -0.7839 1.6000
149.4960 -1.8557 1.6000
144.4980 -1.7208 1.6000
146.9700 -2.7879 1.6000
147.0240 -0.7886 1.6000
149.6630 -1.8597 1.6000
144.6650 -1.7257 1.6000
147.1370 -2.7923 1.6000
147.1910 -0.7931 1.6000
149.8290 -1.8786 1.6000
144.8320 -1.7175 1.6000
147.2980 -2.7976 1.6000
147.3630 -0.7986 1.6000
149.9950 -1.9150 1.6000
145.0000 -1.6958 1.6000
147.4530 -2.8044 1.6000
147.5410 -0.8064 1.6000
150.1610 -1.9223 1.6000
145.1660 -1.7031 1.6000
147.6200 -2.8117 1.6000
147.7080 -0.8137 1.6000
150.3280 -1.9280 1.6000
145.3330 -1.7118 1.6000
147.7870 -2.8190 1.6000
147.8740 -0.8208 1.6000
150.4960 -1.9052 1.6000
145.4980 -1.7452 1.6000
147.9650 -2.8247 1.6000
148.0290 -0.8257 1.6000
150.6620 -1.9229 1.6000
145.6660 -1.7397 1.6000
148.1270 -2.8307 1.6000
148.2000 -0.8320 1.6000
150.8290 -1.9260 1.6000
145.8320 -1.7485 1.6000
148.2950 -2.8366 1.6000
148.3660 -0.8379 1.6000
150.9960 -1.9285 1.6000
145.9990 -1.7574 1.6000
148.4630 -2.8424 1.6000
148.5310 -0.8435 1.6000
151.1630 -1.9268 1.6000
146.1650 -1.7696 1.6000
148.6320 -2.8477 1.6000
148.6950 -0.8487 1.6000
151.3280 -1.9606 1.6000
146.3330 -1.7498 1.6000
148.7880 -2.8543 1.6000
148.8730 -0.8561 1.6000
151.4970 -1.9168 1.6000
146.4980 -1.8013 1.6000
148.9740 -2.8588 1.6000
149.0200 -0.8593 1.6000
151.6620 -1.9647 1.6000
146.6660 -1.7666 1.6000
149.1240 -2.8649 1.6000
149.2030 -0.8665 1.6000
151.8290 -1.9533 1.6000
146.8320 -1.7890 1.6000
149.2980 -2.8706 1.6000
149.3630 -0.8717 1.6000
151.9960 -1.9525 1.6000
146.9980 -1.8000 1.6000
149.4670 -2.8758 1.6000
149.5280 -0.8767 1.6000
152.1620 -1.9871 1.6000
147.1660 -1.7792 1.6000
149.6220 -2.8823 1.6000
149.7050 -0.8840 1.6000
152.3290 -1.9672 1.6000
147.3320 -1.8096 1.6000
149.7990 -2.8879 1.6000
149.8620 -0.8889 1.6000
152.4960 -1.9754 1.6000
147.4990 -1.8123 1.6000
149.9650 -2.8933 1.6000
150.0300 -0.8944 1.6000
152.6630 -1.9623 1.6000
147.6650 -1.8340 1.6000
150.1380 -2.8978 1.6000
150.1900 -0.8985 1.6000
152.8300 -1.9605 1.6000
147.8310 -1.8435 1.6000
150.3070 -2.9018 1.6000
150.3540 -0.9023 1.6000
152.9960 -1.9703 1.6000
147.9980 -1.8423 1.6000
150.4720 -2.9060 1.6000
150.5230 -0.9066 1.6000
153.1630 -1.9590 1.6000
148.1640 -1.8602 1.6000
150.6440 -2.9094 1.6000
150.6840 -0.9098 1.6000
153.3300 -1.9661 1.6000
148.3310 -1.8602 1.6000
150.8090 -2.9129 1.6000
150.8520 -0.9134 1.6000
153.4960 -1.9874 1.6000
148.4980 -1.8482 1.6000
150.9690 -2.9174 1.6000
151.0250 -0.9182 1.6000
153.6630 -1.9775 1.6000
148.6650 -1.8655 1.6000
151.1410 -2.9213 1.6000
151.1860 -0.9218 1.6000
153.8300 -1.9724 1.6000
148.8310 -1.8770 1.6000
151.3110 -2.9245 1.6000
151.3500 -0.9249 1.6000
153.9970 -1.9864 1.6000
148.9980 -1.8707 1.6000
151.4740 -2.9283 1.6000
151.5200 -0.9288 1.6000
154.1630 -2.0001 1.6000
149.1650 -1.8660 1.6000
151.6370 -2.9327 1.6000
151.6910 -0.9334 1.6000
154.3310 -1.9495 1.6000
149.3310 -1.9186 1.6000
151.8240 -2.9340 1.6000
151.8370 -0.9341 1.6000
154.4970 -1.9928 1.6000
149.4980 -1.8826 1.6000
151.9750 -2.9375 1.6000
152.0190 -0.9380 1.6000
154.6630 -1.9890 1.6000
149.6640 -1.8929 1.6000
152.1450 -2.9407 1.6000
152.1830 -0.9411 1.6000
154.8300 -1.9832 1.6000
149.8310 -1.9039 1.6000
152.3150 -2.9434 1.6000
152.3460 -0.9437 1.6000
154.9970 -1.9822 1.6000
149.9980 -1.9098 1.6000
152.4830 -2.9459 1.6000
152.5120 -0.9461 1.6000
155.1640 -1.9767 1.6000
150.1640 -1.9191 1.6000
152.6520 -2.9478 1.6000
152.6750 -0.9480 1.6000
155.3300 -2.0057 1.6000
150.3310 -1.8973 1.6000
152.8090 -2.9513 1.6000
152.8520 -0.9517 1.6000
155.4970 -1.9565 1.6000
150.4970 -1.9472 1.6000
152.9950 -2.9518 1.6000
152.9990 -0.9518 1.6000
155.6630 -2.0039 1.6000
150.6640 -1.9062 1.6000
153.1440 -2.9549 1.6000
153.1830 -0.9553 1.6000
155.8300 -1.9852 1.6000
150.8310 -1.9288 1.6000
153.3190 -2.9569 1.6000
153.3420 -0.9570 1.6000
155.9970 -1.9899 1.6000
150.9970 -1.9282 1.6000
153.4850 -2.9589 1.6000
153.5100 -0.9591 1.6000
