UE positions (x y z)
135.4440 -1.9635 1.6000
130.4480 -2.1433 1.6000
132.9820 -3.0528 1.6000
132.9100 -1.0541 1.6000
135.6110 -1.9601 1.6000
130.6140 -2.1351 1.6000
133.1480 -3.0470 1.6000
133.0780 -1.0482 1.6000
135.7770 -1.9354 1.6000
130.7810 -2.1457 1.6000
133.3210 -3.0397 1.6000
133.2370 -1.0414 1.6000
135.9450 -1.9529 1.6000
130.9470 -2.1173 1.6000
133.4790 -3.0345 1.6000
133.4130 -1.0356 1.6000
136.1110 -1.9524 1.6000
131.1140 -2.1075 1.6000
133.6440 -3.0294 1.6000
133.5820 -1.0304 1.6000
136.2780 -1.9450 1.6000
131.2800 -2.1042 1.6000
133.8110 -3.0241 1.6000
133.7470 -1.0251 1.6000
136.4450 -1.9536 1.6000
131.4470 -2.0867 1.6000
133.9720 -3.0198 1.6000
133.9190 -1.0205 1.6000
136.6120 -1.9450 1.6000
131.6140 -2.0859 1.6000
134.1410 -3.0151 1.6000
134.0840 -1.0159 1.6000
136.7790 -1.9591 1.6000
131.7800 -2.0648 1.6000
134.3000 -3.0117 1.6000
134.2580 -1.0122 1.6000
136.9450 -1.9349 1.6000
131.9470 -2.0793 1.6000
134.4750 -3.0067 1.6000
134.4170 -1.0076 1.6000
137.1110 -1.9189 1.6000
132.1140 -2.0844 1.6000
134.6460 -3.0011 1.6000
134.5790 -1.0022 1.6000
137.2790 -1.9394 1.6000
132.2800 -2.0561 1.6000
134.8030 -2.9975 1.6000
134.7560 -0.9980 1.6000
137.4450 -1.9383 1.6000
132.4460 -2.0497 1.6000
134.9680 -2.9938 1.6000
134.9240 -0.9943 1.6000
137.6120 -1.9431 1.6000
132.6130 -2.0386 1.6000
135.1320 -2.9907 1.6000
135.0930 -0.9910 1.6000
137.7790 -1.9380 1.6000
132.7800 -2.0371 1.6000
135.2990 -2.9873 1.6000
135.2590 -0.9877 1.6000
137.9460 -1.9446 1.6000
132.9460 -2.0251 1.6000
135.4620 -2.9847 1.6000
135.4300 -0.9850 1.6000
138.1120 -1.9582 1.6000
133.1130 -2.0082 1.6000
135.6220 -2.9831 1.6000
135.6020 -0.9832 1.6000
138.2790 -1.9498 1.6000
133.2790 -2.0124 1.6000
135.7920 -2.9810 1.6000
135.7670 -0.9812 1.6000
138.4450 -1.9291 1.6000
133.4460 -2.0266 1.6000
135.9650 -2.9777 1.6000
135.9260 -0.9780 1.6000
138.6120 -1.9342 1.6000
133.6130 -2.0161 1.6000
136.1290 -2.9750 1.6000
136.0960 -0.9753 1.6000
138.7790 -1.9393 1.6000
133.7790 -2.0065 1.6000
136.2930 -2.9728 1.6000
136.2660 -0.9730 1.6000
138.9450 -1.9207 1.6000
133.9460 -2.0185 1.6000
136.4650 -2.9694 1.6000
136.4260 -0.9698 1.6000
139.1120 -1.9221 1.6000
134.1130 -2.0112 1.6000
136.6300 -2.9665 1.6000
136.5950 -0.9668 1.6000
139.2790 -1.9337 1.6000
134.2790 -1.9955 1.6000
136.7920 -2.9645 1.6000
136.7670 -0.9647 1.6000
139.4450 -1.9064 1.6000
134.4460 -2.0155 1.6000
136.9680 -2.9607 1.6000
136.9240 -0.9612 1.6000
139.6120 -1.9267 1.6000
134.6130 -1.9909 1.6000
137.1250 -2.9587 1.6000
137.1000 -0.9589 1.6000
139.7790 -1.9158 1.6000
134.7790 -1.9964 1.6000
137.2950 -2.9560 1.6000
137.2630 -0.9563 1.6000
139.9460 -1.9214 1.6000
134.9460 -1.9865 1.6000
137.4590 -2.9539 1.6000
137.4330 -0.9540 1.6000
140.1120 -1.9042 1.6000
135.1130 -1.9975 1.6000
137.6310 -2.9507 1.6000
137.5940 -0.9510 1.6000
140.2790 -1.9072 1.6000
135.2800 -1.9890 1.6000
137.7960 -2.9480 1.6000
137.7630 -0.9483 1.6000
140.4450 -1.8974 1.6000
135.4460 -1.9925 1.6000
137.9650 -2.9448 1.6000
137.9270 -0.9451 1.6000
140.6120 -1.8907 1.6000
135.6130 -1.9924 1.6000
138.1330 -2.9413 1.6000
138.0920 -0.9418 1.6000
140.7780 -1.8651 1.6000
135.7800 -2.0085 1.6000
138.3080 -2.9364 1.6000
138.2510 -0.9372 1.6000
140.9460 -1.8996 1.6000
135.9460 -1.9693 1.6000
138.4600 -2.9343 1.6000
138.4320 -0.9345 1.6000
141.1120 -1.8625 1.6000
136.1130 -1.9974 1.6000
138.6400 -2.9296 1.6000
138.5860 -0.9303 1.6000
141.2780 -1.8633 1.6000
136.2800 -1.9882 1.6000
138.8040 -2.9255 1.6000
138.7540 -0.9261 1.6000
141.4450 -1.8423 1.6000
136.4470 -1.9989 1.6000
138.9770 -2.9201 1.6000
138.9150 -0.9211 1.6000
141.6120 -1.8483 1.6000
136.6130 -1.9838 1.6000
139.1400 -2.9157 1.6000
139.0850 -0.9164 1.6000
141.7770 -1.7914 1.6000
136.7820 -2.0251 1.6000
139.3260 -2.9072 1.6000
139.2330 -0.9093 1.6000
141.9440 -1.7926 1.6000
136.9480 -2.0094 1.6000
139.4890 -2.9001 1.6000
139.4030 -0.9020 1.6000
142.1100 -1.7904 1.6000
137.1150 -1.9979 1.6000
139.6540 -2.8933 1.6000
139.5710 -0.8950 1.6000
142.2760 -1.7682 1.6000
137.2820 -2.0043 1.6000
139.8260 -2.8851 1.6000
139.7320 -0.8874 1.6000
142.4430 -1.7612 1.6000
137.4490 -1.9956 1.6000
139.9930 -2.8773 1.6000
139.8990 -0.8795 1.6000
142.6100 -1.7608 1.6000
137.6150 -1.9814 1.6000
140.1570 -2.8701 1.6000
140.0680 -0.8720 1.6000
142.7780 -1.7775 1.6000
137.7810 -1.9529 1.6000
140.3140 -2.8646 1.6000
140.2440 -0.8658 1.6000
142.9440 -1.7573 1.6000
137.9480 -1.9596 1.6000
140.4860 -2.8577 1.6000
140.4050 -0.8593 1.6000
143.1120 -1.7852 1.6000
138.1130 -1.9226 1.6000
140.6400 -2.8535 1.6000
140.5850 -0.8543 1.6000
143.2780 -1.7601 1.6000
138.2810 -1.9360 1.6000
140.8140 -2.8474 1.6000
140.7440 -0.8487 1.6000
143.4450 -1.7668 1.6000
138.4470 -1.9191 1.6000
140.9760 -2.8425 1.6000
140.9150 -0.8434 1.6000
143.6120 -1.7822 1.6000
138.6130 -1.8961 1.6000
141.1350 -2.8389 1.6000
141.0900 -0.8394 1.6000
143.7790 -1.7810 1.6000
138.7800 -1.8901 1.6000
141.3010 -2.8353 1.6000
141.2570 -0.8358 1.6000
143.9460 -1.7932 1.6000
138.9460 -1.8726 1.6000
141.4620 -2.8328 1.6000
141.4300 -0.8330 1.6000
144.1120 -1.8153 1.6000
139.1130 -1.8482 1.6000
141.6190 -2.8318 1.6000
141.6060 -0.8318 1.6000
144.2790 -1.7937 1.6000
139.2790 -1.8651 1.6000
141.7930 -2.8293 1.6000
141.7650 -0.8295 1.6000
144.4460 -1.8020 1.6000
139.4460 -1.8534 1.6000
141.9560 -2.8277 1.6000
141.9360 -0.8278 1.6000
144.6120 -1.7805 1.6000
139.6130 -1.8690 1.6000
142.1300 -2.8246 1.6000
142.0950 -0.8249 1.6000
144.7790 -1.8035 1.6000
139.7790 -1.8433 1.6000
142.2870 -2.8234 1.6000
142.2710 -0.8235 1.6000
144.9460 -1.7929 1.6000
139.9460 -1.8501 1.6000
142.4570 -2.8215 1.6000
142.4340 -0.8216 1.6000
145.1120 -1.7996 1.6000
140.1130 -1.8407 1.6000
142.6210 -2.8201 1.6000
142.6040 -0.8202 1.6000
145.2790 -1.8145 1.6000
140.2790 -1.8251 1.6000
142.7810 -2.8198 1.6000
142.7770 -0.8198 1.6000
145.4460 -1.7796 1.6000
140.4460 -1.8549 1.6000
142.9610 -2.8172 1.6000
142.9310 -0.8174 1.6000
145.6120 -1.8102 1.6000
140.6120 -1.8235 1.6000
143.1150 -2.8168 1.6000
143.1100 -0.8168 1.6000
145.7790 -1.7932 1.6000
140.7790 -1.8375 1.6000
143.2880 -2.8153 1.6000
143.2700 -0.8154 1.6000
145.9460 -1.8114 1.6000
140.9460 -1.8188 1.6000
143.4470 -2.8151 1.6000
143.4440 -0.8151 1.6000
146.1120 -1.8222 1.6000
141.1120 -1.8089 1.6000
143.6100 -2.8155 1.6000
143.6150 -0.8156 1.6000
146.2790 -1.8096 1.6000
141.2790 -1.8208 1.6000
143.7810 -2.8152 1.6000
143.7770 -0.8152 1.6000
146.4460 -1.8179 1.6000
141.4460 -1.8128 1.6000
143.9450 -2.8154 1.6000
143.9470 -0.8154 1.6000
146.6120 -1.8201 1.6000
141.6120 -1.8112 1.6000
144.1110 -2.8156 1.6000
144.1140 -0.8156 1.6000
146.7790 -1.8397 1.6000
141.7790 -1.7946 1.6000
144.2700 -2.8171 1.6000
144.2880 -0.8172 1.6000
146.9460 -1.8421 1.6000
141.9460 -1.7954 1.6000
144.4360 -2.8187 1.6000
144.4550 -0.8187 1.6000
147.1120 -1.8322 1.6000
142.1120 -1.8069 1.6000
144.6070 -2.8195 1.6000
144.6170 -0.8196 1.6000
147.2790 -1.8579 1.6000
142.2790 -1.7860 1.6000
144.7650 -2.8218 1.6000
144.7930 -0.8220 1.6000
147.4460 -1.8359 1.6000
142.4460 -1.8098 1.6000
144.9410 -2.8228 1.6000
144.9510 -0.8228 1.6000
147.6120 -1.8509 1.6000
142.6130 -1.7982 1.6000
145.1020 -2.8245 1.6000
145.1230 -0.8246 1.6000
147.7790 -1.8480 1.6000
142.7790 -1.8040 1.6000
145.2700 -2.8260 1.6000
145.2880 -0.8261 1.6000
147.9460 -1.8497 1.6000
142.9460 -1.8053 1.6000
145.4370 -2.8275 1.6000
145.4550 -0.8276 1.6000
148.1120 -1.8257 1.6000
143.1120 -1.8291 1.6000
145.6130 -2.8274 1.6000
145.6120 -0.8274 1.6000
148.2790 -1.8428 1.6000
143.2790 -1.8139 1.6000
145.7730 -2.8283 1.6000
145.7850 -0.8284 1.6000
148.4460 -1.8326 1.6000
143.4460 -1.8246 1.6000
145.9440 -2.8286 1.6000
145.9470 -0.8286 1.6000
148.6120 -1.8237 1.6000
143.6120 -1.8330 1.6000
146.1140 -2.8283 1.6000
146.1110 -0.8283 1.6000
148.7790 -1.8259 1.6000
143.7790 -1.8304 1.6000
146.2800 -2.8282 1.6000
146.2780 -0.8282 1.6000
148.9460 -1.8208 1.6000
143.9460 -1.8346 1.6000
146.4490 -2.8277 1.6000
146.4430 -0.8277 1.6000
149.1120 -1.8249 1.6000
144.1120 -1.8302 1.6000
146.6140 -2.8275 1.6000
146.6110 -0.8275 1.6000
149.2790 -1.8307 1.6000
144.2790 -1.8248 1.6000
146.7780 -2.8277 1.6000
146.7800 -0.8277 1.6000
149.4460 -1.8393 1.6000
144.4460 -1.8176 1.6000
146.9410 -2.8285 1.6000
146.9500 -0.8285 1.6000
149.6120 -1.8442 1.6000
144.6120 -1.8147 1.6000
147.1070 -2.8294 1.6000
147.1180 -0.8295 1.6000
149.7790 -1.8446 1.6000
144.7790 -1.8162 1.6000
147.2730 -2.8304 1.6000
147.2850 -0.8304 1.6000
149.9460 -1.8230 1.6000
144.9460 -1.8368 1.6000
147.4490 -2.8299 1.6000
147.4430 -0.8299 1.6000
150.1120 -1.8554 1.6000
145.1130 -1.8077 1.6000
147.6030 -2.8315 1.6000
147.6220 -0.8316 1.6000
150.2790 -1.8212 1.6000
145.2790 -1.8405 1.6000
147.7830 -2.8309 1.6000
147.7750 -0.8309 1.6000
150.4460 -1.8587 1.6000
145.4460 -1.8065 1.6000
147.9350 -2.8326 1.6000
147.9560 -0.8327 1.6000
150.6120 -1.8404 1.6000
145.6120 -1.8258 1.6000
148.1100 -2.8331 1.6000
148.1150 -0.8331 1.6000
150.7790 -1.8550 1.6000
145.7790 -1.8139 1.6000
148.2710 -2.8344 1.6000
148.2870 -0.8345 1.6000
150.9460 -1.8442 1.6000
145.9460 -1.8260 1.6000
148.4420 -2.8351 1.6000
148.4490 -0.8351 1.6000
151.1120 -1.8621 1.6000
146.1130 -1.8114 1.6000
148.6020 -2.8367 1.6000
148.6230 -0.8368 1.6000
151.2790 -1.8606 1.6000
146.2790 -1.8159 1.6000
148.7700 -2.8382 1.6000
148.7880 -0.8383 1.6000
151.4460 -1.8621 1.6000
146.4460 -1.8174 1.6000
148.9370 -2.8397 1.6000
148.9550 -0.8398 1.6000
151.6120 -1.8696 1.6000
146.6130 -1.8137 1.6000
149.1010 -2.8415 1.6000
149.1240 -0.8417 1.6000
151.7790 -1.8834 1.6000
146.7790 -1.8050 1.6000
149.2630 -2.8441 1.6000
149.2950 -0.8443 1.6000
151.9460 -1.8724 1.6000
146.9460 -1.8196 1.6000
149.4350 -2.8459 1.6000
149.4560 -0.8460 1.6000
152.1120 -1.8762 1.6000
147.1130 -1.8195 1.6000
149.6010 -2.8478 1.6000
149.6240 -0.8479 1.6000
152.2790 -1.8760 1.6000
147.2790 -1.8233 1.6000
149.7690 -2.8496 1.6000
149.7900 -0.8497 1.6000
152.4460 -1.8756 1.6000
147.4460 -1.8269 1.6000
149.9360 -2.8512 1.6000
149.9550 -0.8513 1.6000
152.6120 -1.8873 1.6000
147.6130 -1.8197 1.6000
150.0990 -2.8534 1.6000
150.1260 -0.8536 1.6000
152.7790 -1.8781 1.6000
147.7790 -1.8320 1.6000
150.2700 -2.8550 1.6000
150.2880 -0.8551 1.6000
152.9460 -1.8890 1.6000
147.9460 -1.8253 1.6000
150.4330 -2.8571 1.6000
150.4580 -0.8572 1.6000
153.1120 -1.8655 1.6000
148.1120 -1.8499 1.6000
150.6090 -2.8577 1.6000
150.6160 -0.8577 1.6000
153.2790 -1.8447 1.6000
148.2790 -1.8691 1.6000
150.7840 -2.8569 1.6000
150.7740 -0.8569 1.6000
153.4460 -1.8408 1.6000
148.4460 -1.8709 1.6000
150.9520 -2.8559 1.6000
150.9400 -0.8559 1.6000
153.6120 -1.8494 1.6000
148.6120 -1.8615 1.6000
151.1150 -2.8555 1.6000
151.1100 -0.8555 1.6000
153.7790 -1.8398 1.6000
148.7790 -1.8692 1.6000
151.2850 -2.8545 1.6000
151.2730 -0.8545 1.6000
153.9460 -1.8369 1.6000
148.9460 -1.8699 1.6000
151.4520 -2.8534 1.6000
151.4390 -0.8534 1.6000
154.1120 -1.8356 1.6000
149.1130 -1.8689 1.6000
151.6190 -2.8523 1.6000
151.6060 -0.8523 1.6000
154.2790 -1.8289 1.6000
149.2790 -1.8727 1.6000
151.7880 -2.8508 1.6000
151.7700 -0.8509 1.6000
154.4460 -1.8167 1.6000
149.4460 -1.8807 1.6000
151.9590 -2.8486 1.6000
151.9330 -0.8488 1.6000
154.6120 -1.8166 1.6000
149.6130 -1.8768 1.6000
152.1250 -2.8466 1.6000
152.1000 -0.8468 1.6000
154.7790 -1.8356 1.6000
149.7790 -1.8564 1.6000
152.2830 -2.8460 1.6000
152.2750 -0.8460 1.6000
154.9460 -1.8236 1.6000
149.9460 -1.8656 1.6000
152.4540 -2.8445 1.6000
152.4370 -0.8446 1.6000
155.1120 -1.8142 1.6000
150.1130 -1.8711 1.6000
152.6240 -2.8426 1.6000
152.6010 -0.8428 1.6000
155.2790 -1.8116 1.6000
150.2790 -1.8699 1.6000
152.7910 -2.8407 1.6000
152.7680 -0.8408 1.6000
155.4450 -1.7964 1.6000
150.4460 -1.8795 1.6000
152.9620 -2.8378 1.6000
152.9290 -0.8381 1.6000
155.6120 -1.8101 1.6000
150.6130 -1.8624 1.6000
153.1230 -2.8362 1.6000
153.1020 -0.8363 1.6000
155.7790 -1.7881 1.6000
150.7800 -1.8783 1.6000
153.2970 -2.8331 1.6000
153.2610 -0.8334 1.6000
155.9460 -1.7940 1.6000
150.9460 -1.8675 1.6000
153.4610 -2.8307 1.6000
153.4310 -0.8309 1.6000
