UE positions (x y z)
90.5919 -1.9635 1.6000
85.5951 -2.1433 1.6000
88.1295 -3.0528 1.6000
88.0575 -1.0541 1.6000
90.7589 -1.9698 1.6000
85.7614 -2.1266 1.6000
88.2915 -3.0477 1.6000
88.2288 -1.0487 1.6000
90.9252 -1.9525 1.6000
85.9284 -2.1319 1.6000
88.4627 -3.0416 1.6000
88.3909 -1.0429 1.6000
91.0928 -1.9832 1.6000
86.0940 -2.0939 1.6000
88.6156 -3.0383 1.6000
88.5713 -1.0388 1.6000
91.2589 -1.9541 1.6000
86.2614 -2.1124 1.6000
88.7918 -3.0327 1.6000
88.7285 -1.0337 1.6000
91.4258 -1.9596 1.6000
86.4277 -2.0977 1.6000
88.9544 -3.0282 1.6000
88.8992 -1.0290 1.6000
91.5923 -1.9467 1.6000
86.5946 -2.1003 1.6000
89.1242 -3.0230 1.6000
89.0628 -1.0240 1.6000
91.7594 -1.9591 1.6000
86.7608 -2.0799 1.6000
89.2843 -3.0192 1.6000
89.2359 -1.0198 1.6000
91.9262 -1.9638 1.6000
86.9273 -2.0683 1.6000
89.4477 -3.0158 1.6000
89.4059 -1.0162 1.6000
92.0930 -1.9684 1.6000
87.0938 -2.0576 1.6000
89.6113 -3.0129 1.6000
89.5756 -1.0132 1.6000
92.2597 -1.9674 1.6000
87.2604 -2.0529 1.6000
89.7772 -3.0100 1.6000
89.7430 -1.0103 1.6000
92.4265 -1.9714 1.6000
87.4270 -2.0441 1.6000
89.9413 -3.0076 1.6000
89.9122 -1.0079 1.6000
92.5929 -1.9556 1.6000
87.5939 -2.0534 1.6000
90.1130 -3.0043 1.6000
90.0739 -1.0047 1.6000
92.7599 -1.9745 1.6000
87.7602 -2.0307 1.6000
90.2713 -3.0026 1.6000
90.2488 -1.0027 1.6000
92.9267 -1.9945 1.6000
87.9267 -2.0097 1.6000
90.4297 -3.0021 1.6000
90.4237 -1.0021 1.6000
93.0932 -1.9656 1.6000
88.0936 -2.0341 1.6000
90.6071 -2.9997 1.6000
90.5797 -0.9999 1.6000
93.2600 -1.9874 1.6000
88.2601 -2.0107 1.6000
90.7647 -2.9990 1.6000
90.7554 -0.9991 1.6000
93.4265 -1.9597 1.6000
88.4270 -2.0335 1.6000
90.9415 -2.9965 1.6000
90.9120 -0.9967 1.6000
93.5934 -1.9933 1.6000
88.5934 -1.9995 1.6000
91.0946 -2.9964 1.6000
91.0921 -0.9964 1.6000
93.7600 -1.9787 1.6000
88.7601 -2.0118 1.6000
91.2667 -2.9953 1.6000
91.2534 -0.9953 1.6000
93.9266 -1.9718 1.6000
88.9268 -2.0159 1.6000
91.4355 -2.9938 1.6000
91.4179 -0.9939 1.6000
94.0930 -1.9455 1.6000
89.0938 -2.0361 1.6000
91.6115 -2.9906 1.6000
91.5753 -0.9910 1.6000
94.2598 -1.9482 1.6000
89.2604 -2.0280 1.6000
91.7760 -2.9880 1.6000
91.7441 -0.9883 1.6000
94.4265 -1.9505 1.6000
89.4270 -2.0211 1.6000
91.9409 -2.9857 1.6000
91.9126 -0.9859 1.6000
94.5930 -1.9377 1.6000
89.5938 -2.0279 1.6000
92.1115 -2.9826 1.6000
92.0754 -0.9829 1.6000
94.7599 -1.9495 1.6000
89.7603 -2.0119 1.6000
92.2725 -2.9806 1.6000
92.2476 -0.9808 1.6000
94.9265 -1.9464 1.6000
89.9269 -2.0107 1.6000
92.4396 -2.9785 1.6000
92.4139 -0.9786 1.6000
95.0929 -1.9263 1.6000
90.0939 -2.0243 1.6000
92.6130 -2.9751 1.6000
92.5738 -0.9755 1.6000
95.2599 -1.9448 1.6000
90.2602 -2.0019 1.6000
92.7715 -2.9733 1.6000
92.7486 -0.9735 1.6000
95.4265 -1.9335 1.6000
90.4270 -2.0082 1.6000
92.9417 -2.9708 1.6000
92.9118 -0.9710 1.6000
95.5933 -1.9487 1.6000
90.5935 -1.9903 1.6000
93.1017 -2.9695 1.6000
93.0851 -0.9695 1.6000
95.7596 -1.9195 1.6000
90.7605 -2.0133 1.6000
93.2788 -2.9662 1.6000
93.2413 -0.9666 1.6000
95.9265 -1.9288 1.6000
90.9270 -1.9992 1.6000
93.4408 -2.9639 1.6000
93.4126 -0.9641 1.6000
96.0932 -1.9301 1.6000
91.0936 -1.9937 1.6000
93.6061 -2.9618 1.6000
93.5807 -0.9620 1.6000
96.2599 -1.9315 1.6000
91.2602 -1.9886 1.6000
93.7715 -2.9599 1.6000
93.7486 -0.9601 1.6000
96.4261 -1.8988 1.6000
91.4274 -2.0135 1.6000
93.9497 -2.9559 1.6000
93.9038 -0.9565 1.6000
96.5931 -1.9126 1.6000
91.5937 -1.9944 1.6000
94.1098 -2.9533 1.6000
94.0771 -0.9536 1.6000
96.7593 -1.8872 1.6000
91.7609 -2.0114 1.6000
94.2850 -2.9490 1.6000
94.2353 -0.9496 1.6000
96.9260 -1.8846 1.6000
91.9275 -2.0059 1.6000
94.4510 -2.9450 1.6000
94.4025 -0.9456 1.6000
97.0931 -1.9038 1.6000
92.0937 -1.9816 1.6000
94.6090 -2.9426 1.6000
94.5779 -0.9428 1.6000
97.2596 -1.8914 1.6000
92.2605 -1.9875 1.6000
94.7793 -2.9393 1.6000
94.7409 -0.9397 1.6000
97.4265 -1.9065 1.6000
92.4269 -1.9683 1.6000
94.9391 -2.9373 1.6000
94.9144 -0.9375 1.6000
97.5932 -1.9061 1.6000
92.5936 -1.9648 1.6000
95.1051 -2.9354 1.6000
95.0816 -0.9355 1.6000
97.7598 -1.8986 1.6000
92.7603 -1.9678 1.6000
95.2739 -2.9331 1.6000
95.2462 -0.9333 1.6000
97.9265 -1.8987 1.6000
92.9269 -1.9633 1.6000
95.4396 -2.9309 1.6000
95.4138 -0.9311 1.6000
98.0933 -1.9116 1.6000
93.0934 -1.9480 1.6000
95.6007 -2.9298 1.6000
95.5861 -0.9298 1.6000
98.2599 -1.8992 1.6000
93.2602 -1.9566 1.6000
95.7715 -2.9278 1.6000
95.7486 -0.9279 1.6000
98.4267 -1.9189 1.6000
93.4267 -1.9357 1.6000
95.9301 -2.9273 1.6000
95.9233 -0.9273 1.6000
98.5933 -1.9030 1.6000
93.5935 -1.9486 1.6000
96.1025 -2.9257 1.6000
96.0843 -0.9258 1.6000
98.7600 -1.9080 1.6000
93.7601 -1.9414 1.6000
96.2667 -2.9247 1.6000
96.2534 -0.9247 1.6000
98.9266 -1.9013 1.6000
93.9268 -1.9452 1.6000
96.4355 -2.9232 1.6000
96.4179 -0.9233 1.6000
99.0933 -1.9042 1.6000
94.0934 -1.9398 1.6000
96.6005 -2.9220 1.6000
96.5863 -0.9221 1.6000
99.2600 -1.9049 1.6000
94.2601 -1.9370 1.6000
96.7665 -2.9209 1.6000
96.7536 -0.9210 1.6000
99.4265 -1.8808 1.6000
94.4270 -1.9562 1.6000
96.9418 -2.9183 1.6000
96.9117 -0.9186 1.6000
99.5926 -1.8510 1.6000
94.5942 -1.9775 1.6000
97.1187 -2.9139 1.6000
97.0681 -0.9146 1.6000
99.7596 -1.8592 1.6000
94.7606 -1.9624 1.6000
97.2807 -2.9106 1.6000
97.2394 -0.9110 1.6000
99.9263 -1.8607 1.6000
94.9272 -1.9547 1.6000
97.4456 -2.9075 1.6000
97.4080 -0.9078 1.6000
100.0930 -1.8652 1.6000
95.0937 -1.9448 1.6000
97.6093 -2.9049 1.6000
97.5775 -0.9051 1.6000
100.2590 -1.8449 1.6000
95.2607 -1.9576 1.6000
97.7826 -2.9010 1.6000
97.7376 -0.9015 1.6000
100.4260 -1.8380 1.6000
95.4275 -1.9566 1.6000
97.9505 -2.8970 1.6000
97.9030 -0.8976 1.6000
100.5930 -1.8421 1.6000
95.5940 -1.9456 1.6000
98.1141 -2.8936 1.6000
98.0727 -0.8941 1.6000
100.7590 -1.8249 1.6000
95.7609 -1.9541 1.6000
98.2860 -2.8892 1.6000
98.2343 -0.8899 1.6000
100.9260 -1.8109 1.6000
95.9279 -1.9584 1.6000
98.4563 -2.8842 1.6000
98.3973 -0.8850 1.6000
101.0920 -1.8086 1.6000
96.0945 -1.9511 1.6000
98.6220 -2.8795 1.6000
98.5650 -0.8803 1.6000
101.2590 -1.7965 1.6000
96.2614 -1.9528 1.6000
98.7914 -2.8742 1.6000
98.7288 -0.8751 1.6000
101.4260 -1.7972 1.6000
96.4278 -1.9424 1.6000
98.9558 -2.8694 1.6000
98.8978 -0.8702 1.6000
101.5910 -1.7607 1.6000
96.5956 -1.9653 1.6000
99.1344 -2.8622 1.6000
99.0526 -0.8638 1.6000
101.7590 -1.7932 1.6000
96.7610 -1.9240 1.6000
99.2863 -2.8583 1.6000
99.2339 -0.8590 1.6000
101.9250 -1.7608 1.6000
96.9285 -1.9442 1.6000
99.4635 -2.8518 1.6000
99.3901 -0.8532 1.6000
102.0930 -1.7794 1.6000
97.0944 -1.9165 1.6000
99.6209 -2.8476 1.6000
99.5660 -0.8483 1.6000
102.2590 -1.7889 1.6000
97.2607 -1.8996 1.6000
99.7823 -2.8440 1.6000
99.7379 -0.8445 1.6000
102.4260 -1.7955 1.6000
97.4272 -1.8869 1.6000
99.9450 -2.8410 1.6000
99.9085 -0.8414 1.6000
102.5930 -1.7928 1.6000
97.5938 -1.8835 1.6000
100.1120 -2.8380 1.6000
100.0750 -0.8384 1.6000
102.7590 -1.7681 1.6000
97.7610 -1.8995 1.6000
100.2860 -2.8335 1.6000
100.2340 -0.8341 1.6000
102.9260 -1.7838 1.6000
97.9272 -1.8776 1.6000
100.4460 -2.8305 1.6000
100.4080 -0.8309 1.6000
103.0930 -1.7888 1.6000
98.0937 -1.8673 1.6000
100.6090 -2.8279 1.6000
100.5780 -0.8282 1.6000
103.2600 -1.7923 1.6000
98.2603 -1.8594 1.6000
100.7730 -2.8257 1.6000
100.7470 -0.8259 1.6000
103.4270 -1.7980 1.6000
98.4269 -1.8502 1.6000
100.9370 -2.8240 1.6000
100.9160 -0.8241 1.6000
103.5930 -1.8028 1.6000
98.5935 -1.8427 1.6000
101.1010 -2.8227 1.6000
101.0850 -0.8228 1.6000
103.7600 -1.7908 1.6000
98.7602 -1.8507 1.6000
101.2720 -2.8207 1.6000
101.2480 -0.8208 1.6000
103.9270 -1.7897 1.6000
98.9269 -1.8480 1.6000
101.4380 -2.8187 1.6000
101.4150 -0.8189 1.6000
104.0930 -1.7852 1.6000
99.0936 -1.8482 1.6000
101.6060 -2.8166 1.6000
101.5810 -0.8168 1.6000
104.2600 -1.7771 1.6000
99.2603 -1.8514 1.6000
101.7750 -2.8141 1.6000
101.7450 -0.8143 1.6000
104.4260 -1.7621 1.6000
99.4272 -1.8598 1.6000
101.9460 -2.8108 1.6000
101.9070 -0.8112 1.6000
104.5930 -1.7706 1.6000
99.5937 -1.8463 1.6000
102.1090 -2.8083 1.6000
102.0780 -0.8086 1.6000
104.7600 -1.7593 1.6000
99.7605 -1.8515 1.6000
102.2790 -2.8052 1.6000
102.2420 -0.8056 1.6000
104.9270 -1.7735 1.6000
99.9269 -1.8333 1.6000
102.4390 -2.8033 1.6000
102.4150 -0.8035 1.6000
105.0930 -1.7661 1.6000
100.0940 -1.8360 1.6000
102.6070 -2.8010 1.6000
102.5790 -0.8012 1.6000
105.2600 -1.7525 1.6000
100.2600 -1.8436 1.6000
102.7780 -2.7979 1.6000
102.7420 -0.7982 1.6000
105.4270 -1.7766 1.6000
100.4270 -1.8168 1.6000
102.9350 -2.7967 1.6000
102.9190 -0.7967 1.6000
105.5930 -1.7839 1.6000
100.5930 -1.8079 1.6000
103.0980 -2.7959 1.6000
103.0890 -0.7959 1.6000
105.7600 -1.7636 1.6000
100.7600 -1.8242 1.6000
103.2720 -2.7938 1.6000
103.2480 -0.7939 1.6000
105.9260 -1.7466 1.6000
100.9270 -1.8352 1.6000
103.4440 -2.7908 1.6000
103.4090 -0.7911 1.6000
106.0930 -1.7505 1.6000
101.0940 -1.8263 1.6000
103.6090 -2.7883 1.6000
103.5780 -0.7885 1.6000
106.2600 -1.7420 1.6000
101.2600 -1.8289 1.6000
103.7770 -2.7853 1.6000
103.7430 -0.7856 1.6000
106.4260 -1.7026 1.6000
101.4280 -1.8580 1.6000
103.9580 -2.7798 1.6000
103.8960 -0.7808 1.6000
106.5930 -1.7449 1.6000
101.5940 -1.8113 1.6000
104.1070 -2.7780 1.6000
104.0800 -0.7782 1.6000
106.7600 -1.7325 1.6000
101.7600 -1.8180 1.6000
104.2770 -2.7751 1.6000
104.2430 -0.7754 1.6000
106.9270 -1.7533 1.6000
101.9270 -1.7945 1.6000
104.4350 -2.7738 1.6000
104.4180 -0.7739 1.6000
107.0930 -1.7134 1.6000
102.0940 -1.8268 1.6000
104.6160 -2.7698 1.6000
104.5710 -0.7704 1.6000
107.2600 -1.7401 1.6000
102.2600 -1.7964 1.6000
104.7710 -2.7682 1.6000
104.7490 -0.7683 1.6000
107.4260 -1.7033 1.6000
102.4280 -1.8250 1.6000
104.9510 -2.7639 1.6000
104.9020 -0.7645 1.6000
107.5930 -1.7054 1.6000
102.5940 -1.8156 1.6000
105.1150 -2.7603 1.6000
105.0710 -0.7607 1.6000
107.7600 -1.7065 1.6000
102.7610 -1.8078 1.6000
105.2800 -2.7569 1.6000
105.2400 -0.7573 1.6000
107.9260 -1.7065 1.6000
102.9270 -1.8014 1.6000
105.4460 -2.7538 1.6000
105.4080 -0.7541 1.6000
108.0930 -1.6940 1.6000
103.0940 -1.8064 1.6000
105.6160 -2.7499 1.6000
105.5710 -0.7504 1.6000
108.2600 -1.7005 1.6000
103.2610 -1.7937 1.6000
105.7790 -2.7469 1.6000
105.7410 -0.7473 1.6000
108.4260 -1.6785 1.6000
103.4280 -1.8071 1.6000
105.9530 -2.7425 1.6000
105.9010 -0.7431 1.6000
108.5930 -1.6842 1.6000
103.5940 -1.7941 1.6000
106.1150 -2.7389 1.6000
106.0710 -0.7394 1.6000
108.7590 -1.6772 1.6000
103.7610 -1.7933 1.6000
106.2830 -2.7350 1.6000
106.2370 -0.7355 1.6000
108.9260 -1.6646 1.6000
103.9280 -1.7971 1.6000
106.4530 -2.7305 1.6000
106.4000 -0.7312 1.6000
109.0930 -1.6792 1.6000
104.0940 -1.7760 1.6000
106.6130 -2.7274 1.6000
106.5740 -0.7278 1.6000
109.2600 -1.6709 1.6000
104.2610 -1.7773 1.6000
106.7810 -2.7238 1.6000
106.7390 -0.7243 1.6000
109.4260 -1.6836 1.6000
104.4270 -1.7595 1.6000
106.9420 -2.7214 1.6000
106.9120 -0.7217 1.6000
109.5930 -1.6886 1.6000
104.5940 -1.7504 1.6000
107.1060 -2.7194 1.6000
107.0810 -0.7196 1.6000
109.7590 -1.6588 1.6000
104.7610 -1.7725 1.6000
107.2830 -2.7154 1.6000
107.2370 -0.7159 1.6000
109.9260 -1.6604 1.6000
104.9270 -1.7641 1.6000
107.4480 -2.7120 1.6000
107.4060 -0.7124 1.6000
110.0930 -1.6923 1.6000
105.0930 -1.7296 1.6000
107.6010 -2.7110 1.6000
107.5860 -0.7110 1.6000
110.2600 -1.6663 1.6000
105.2600 -1.7501 1.6000
107.7770 -2.7081 1.6000
107.7430 -0.7083 1.6000
110.4270 -1.6930 1.6000
105.4270 -1.7214 1.6000
107.9320 -2.7072 1.6000
107.9210 -0.7073 1.6000
110.5930 -1.6664 1.6000
105.5940 -1.7430 1.6000
108.1090 -2.7046 1.6000
108.0780 -0.7048 1.6000
110.7600 -1.6702 1.6000
105.7600 -1.7349 1.6000
108.2730 -2.7024 1.6000
108.2470 -0.7026 1.6000
110.9270 -1.6926 1.6000
105.9270 -1.7112 1.6000
108.4300 -2.7019 1.6000
108.4230 -0.7019 1.6000
111.0930 -1.6560 1.6000
106.0940 -1.7421 1.6000
108.6110 -2.6989 1.6000
108.5760 -0.6992 1.6000
111.2600 -1.6888 1.6000
106.2600 -1.7080 1.6000
108.7640 -2.6984 1.6000
108.7560 -0.6984 1.6000
111.4270 -1.6919 1.6000
106.4270 -1.7041 1.6000
108.9290 -2.6980 1.6000
108.9240 -0.6980 1.6000
111.5930 -1.7006 1.6000
106.5930 -1.6957 1.6000
109.0920 -2.6982 1.6000
109.0940 -0.6982 1.6000
111.7600 -1.7138 1.6000
106.7600 -1.6845 1.6000
109.2540 -2.6991 1.6000
109.2660 -0.6992 1.6000
111.9270 -1.7032 1.6000
106.9270 -1.6955 1.6000
109.4250 -2.6994 1.6000
109.4280 -0.6994 1.6000
112.0930 -1.7186 1.6000
107.0930 -1.6826 1.6000
109.5860 -2.7006 1.6000
109.6010 -0.7006 1.6000
112.2600 -1.7151 1.6000
107.2600 -1.6879 1.6000
109.7550 -2.7015 1.6000
109.7650 -0.7015 1.6000
112.4270 -1.7183 1.6000
107.4270 -1.6868 1.6000
109.9200 -2.7025 1.6000
109.9330 -0.7026 1.6000
112.5930 -1.7159 1.6000
107.5930 -1.6908 1.6000
110.0880 -2.7034 1.6000
110.0980 -0.7034 1.6000
112.7600 -1.7260 1.6000
107.7600 -1.6836 1.6000
110.2520 -2.7048 1.6000
110.2680 -0.7048 1.6000
112.9270 -1.6917 1.6000
107.9270 -1.7163 1.6000
110.4320 -2.7040 1.6000
110.4220 -0.7040 1.6000
113.0930 -1.7149 1.6000
108.0930 -1.6945 1.6000
110.5890 -2.7046 1.6000
110.5970 -0.7047 1.6000
113.2600 -1.7182 1.6000
108.2600 -1.6928 1.6000
110.7550 -2.7055 1.6000
110.7650 -0.7055 1.6000
113.4270 -1.6924 1.6000
108.4270 -1.7170 1.6000
110.9320 -2.7047 1.6000
110.9220 -0.7047 1.6000
113.5930 -1.6960 1.6000
108.5930 -1.7123 1.6000
111.0970 -2.7041 1.6000
111.0900 -0.7041 1.6000
113.7600 -1.7031 1.6000
108.7600 -1.7050 1.6000
111.2600 -2.7041 1.6000
111.2600 -0.7041 1.6000
113.9270 -1.7123 1.6000
108.9270 -1.6969 1.6000
111.4240 -2.7046 1.6000
111.4300 -0.7046 1.6000
114.0930 -1.7026 1.6000
109.0930 -1.7063 1.6000
111.5940 -2.7045 1.6000
111.5930 -0.7045 1.6000
114.2600 -1.7156 1.6000
109.2600 -1.6947 1.6000
111.7560 -2.7052 1.6000
111.7640 -0.7052 1.6000
114.4270 -1.7000 1.6000
109.4270 -1.7097 1.6000
111.9290 -2.7048 1.6000
111.9250 -0.7048 1.6000
114.5930 -1.7080 1.6000
109.5930 -1.7021 1.6000
112.0920 -2.7050 1.6000
112.0950 -0.7050 1.6000
114.7600 -1.7027 1.6000
109.7600 -1.7071 1.6000
112.2610 -2.7049 1.6000
112.2590 -0.7049 1.6000
114.9270 -1.6993 1.6000
109.9270 -1.7098 1.6000
112.4290 -2.7045 1.6000
112.4250 -0.7045 1.6000
115.0930 -1.6948 1.6000
110.0930 -1.7130 1.6000
112.5970 -2.7039 1.6000
112.5900 -0.7039 1.6000
115.2600 -1.6976 1.6000
110.2600 -1.7094 1.6000
112.7620 -2.7035 1.6000
112.7580 -0.7035 1.6000
115.4270 -1.6749 1.6000
110.4270 -1.7286 1.6000
112.9370 -2.7017 1.6000
112.9160 -0.7018 1.6000
115.5930 -1.6651 1.6000
110.5940 -1.7338 1.6000
113.1070 -2.6994 1.6000
113.0800 -0.6995 1.6000
115.7600 -1.6758 1.6000
110.7600 -1.7202 1.6000
113.2690 -2.6979 1.6000
113.2510 -0.6980 1.6000
115.9270 -1.6799 1.6000
110.9270 -1.7138 1.6000
113.4330 -2.6968 1.6000
113.4200 -0.6969 1.6000
116.0930 -1.6670 1.6000
111.0940 -1.7229 1.6000
113.6050 -2.6949 1.6000
113.5820 -0.6950 1.6000
116.2600 -1.6688 1.6000
111.2600 -1.7179 1.6000
113.7700 -2.6933 1.6000
113.7500 -0.6934 1.6000
116.4270 -1.6787 1.6000
111.4270 -1.7062 1.6000
113.9320 -2.6924 1.6000
113.9210 -0.6924 1.6000
116.5930 -1.6747 1.6000
111.5930 -1.7080 1.6000
114.1000 -2.6913 1.6000
114.0870 -0.6913 1.6000
116.7600 -1.6708 1.6000
111.7600 -1.7092 1.6000
114.2680 -2.6900 1.6000
114.2520 -0.6901 1.6000
116.9270 -1.6802 1.6000
111.9270 -1.6987 1.6000
114.4300 -2.6894 1.6000
114.4230 -0.6894 1.6000
117.0930 -1.6920 1.6000
112.0930 -1.6872 1.6000
114.5920 -2.6896 1.6000
114.5940 -0.6896 1.6000
117.2600 -1.7005 1.6000
112.2600 -1.6800 1.6000
114.7560 -2.6903 1.6000
114.7640 -0.6903 1.6000
117.4270 -1.7063 1.6000
112.4270 -1.6762 1.6000
114.9210 -2.6913 1.6000
114.9330 -0.6913 1.6000
117.5930 -1.7044 1.6000
112.5930 -1.6798 1.6000
115.0880 -2.6921 1.6000
115.0980 -0.6921 1.6000
117.7600 -1.6670 1.6000
112.7600 -1.7140 1.6000
115.2690 -2.6905 1.6000
115.2510 -0.6906 1.6000
117.9270 -1.6955 1.6000
112.9270 -1.6862 1.6000
115.4250 -2.6908 1.6000
115.4290 -0.6908 1.6000
118.0930 -1.6974 1.6000
113.0930 -1.6851 1.6000
115.5910 -2.6912 1.6000
115.5960 -0.6912 1.6000
118.2600 -1.7151 1.6000
113.2600 -1.6703 1.6000
115.7510 -2.6927 1.6000
115.7690 -0.6928 1.6000
118.4270 -1.7011 1.6000
113.4270 -1.6854 1.6000
115.9240 -2.6933 1.6000
115.9300 -0.6933 1.6000
118.5930 -1.7145 1.6000
113.5930 -1.6747 1.6000
116.0850 -2.6946 1.6000
116.1010 -0.6946 1.6000
118.7600 -1.6959 1.6000
113.7600 -1.6935 1.6000
116.2600 -2.6947 1.6000
116.2610 -0.6947 1.6000
118.9260 -1.7327 1.6000
113.9270 -1.6614 1.6000
116.4120 -2.6969 1.6000
116.4410 -0.6971 1.6000
119.0930 -1.7249 1.6000
114.0930 -1.6726 1.6000
116.5830 -2.6987 1.6000
116.6040 -0.6988 1.6000
119.2590 -1.7502 1.6000
114.2600 -1.6539 1.6000
116.7410 -2.7018 1.6000
116.7790 -0.7022 1.6000
119.4260 -1.7463 1.6000
114.4270 -1.6632 1.6000
116.9100 -2.7046 1.6000
116.9430 -0.7049 1.6000
119.5930 -1.7634 1.6000
114.5940 -1.6535 1.6000
117.0710 -2.7082 1.6000
117.1150 -0.7087 1.6000
119.7590 -1.7724 1.6000
114.7610 -1.6524 1.6000
117.2360 -2.7121 1.6000
117.2840 -0.7127 1.6000
119.9260 -1.7884 1.6000
114.9280 -1.6459 1.6000
117.3980 -2.7168 1.6000
117.4550 -0.7176 1.6000
120.0920 -1.7905 1.6000
115.0940 -1.6530 1.6000
117.5660 -2.7214 1.6000
117.6210 -0.7221 1.6000
120.2590 -1.8041 1.6000
115.2610 -1.6497 1.6000
117.7290 -2.7264 1.6000
117.7910 -0.7274 1.6000
120.4260 -1.7858 1.6000
115.4270 -1.6754 1.6000
117.9050 -2.7304 1.6000
117.9490 -0.7308 1.6000
120.5930 -1.7961 1.6000
115.5940 -1.6732 1.6000
118.0690 -2.7344 1.6000
118.1180 -0.7350 1.6000
120.7590 -1.8147 1.6000
115.7610 -1.6647 1.6000
118.2300 -2.7392 1.6000
118.2900 -0.7401 1.6000
120.9250 -1.8351 1.6000
115.9280 -1.6562 1.6000
118.3910 -2.7450 1.6000
118.4620 -0.7463 1.6000
121.0920 -1.8132 1.6000
116.0940 -1.6865 1.6000
118.5680 -2.7496 1.6000
118.6190 -0.7502 1.6000
121.2600 -1.7956 1.6000
116.2600 -1.7099 1.6000
118.7430 -2.7526 1.6000
118.7770 -0.7529 1.6000
121.4250 -1.8491 1.6000
116.4280 -1.6684 1.6000
118.8900 -2.7581 1.6000
118.9630 -0.7594 1.6000
121.5930 -1.8100 1.6000
116.5940 -1.7139 1.6000
119.0740 -2.7618 1.6000
119.1130 -0.7622 1.6000
121.7590 -1.8336 1.6000
116.7610 -1.6993 1.6000
119.2330 -2.7661 1.6000
119.2870 -0.7668 1.6000
121.9260 -1.8173 1.6000
116.9270 -1.7220 1.6000
119.4080 -2.7694 1.6000
119.4460 -0.7698 1.6000
122.0930 -1.8309 1.6000
117.0940 -1.7160 1.6000
119.5700 -2.7732 1.6000
119.6160 -0.7737 1.6000
122.2590 -1.8265 1.6000
117.2600 -1.7270 1.6000
119.7400 -2.7766 1.6000
119.7800 -0.7770 1.6000
122.4260 -1.8112 1.6000
117.4270 -1.7467 1.6000
119.9140 -2.7788 1.6000
119.9400 -0.7790 1.6000
122.5930 -1.8118 1.6000
117.5940 -1.7502 1.6000
120.0810 -2.7809 1.6000
120.1060 -0.7810 1.6000
122.7600 -1.8288 1.6000
117.7600 -1.7391 1.6000
120.2420 -2.7838 1.6000
120.2780 -0.7841 1.6000
122.9260 -1.8246 1.6000
117.9270 -1.7484 1.6000
120.4110 -2.7864 1.6000
120.4420 -0.7866 1.6000
123.0930 -1.8198 1.6000
118.0940 -1.7574 1.6000
120.5810 -2.7885 1.6000
120.6060 -0.7887 1.6000
123.2590 -1.8423 1.6000
118.2600 -1.7415 1.6000
120.7400 -2.7917 1.6000
120.7800 -0.7921 1.6000
123.4260 -1.8305 1.6000
118.4270 -1.7582 1.6000
120.9120 -2.7942 1.6000
120.9410 -0.7945 1.6000
123.5930 -1.8179 1.6000
118.5930 -1.7737 1.6000
121.0840 -2.7958 1.6000
121.1020 -0.7959 1.6000
123.7600 -1.8363 1.6000
118.7600 -1.7604 1.6000
121.2450 -2.7982 1.6000
121.2750 -0.7985 1.6000
123.9270 -1.8063 1.6000
118.9270 -1.7914 1.6000
121.4240 -2.7988 1.6000
121.4300 -0.7989 1.6000
124.0930 -1.7983 1.6000
119.0930 -1.7993 1.6000
121.5940 -2.7988 1.6000
121.5930 -0.7988 1.6000
124.2600 -1.7993 1.6000
119.2600 -1.7984 1.6000
121.7600 -2.7988 1.6000
121.7600 -0.7988 1.6000
124.4270 -1.7958 1.6000
119.4270 -1.8015 1.6000
121.9280 -2.7986 1.6000
121.9260 -0.7987 1.6000
124.5930 -1.7919 1.6000
119.5930 -1.8046 1.6000
122.0960 -2.7982 1.6000
122.0910 -0.7982 1.6000
124.7600 -1.8003 1.6000
119.7600 -1.7964 1.6000
122.2590 -2.7984 1.6000
122.2610 -0.7984 1.6000
124.9270 -1.7891 1.6000
119.9270 -1.8065 1.6000
122.4300 -2.7978 1.6000
122.4230 -0.7978 1.6000
125.0930 -1.7995 1.6000
120.0930 -1.7962 1.6000
122.5930 -2.7979 1.6000
122.5940 -0.7979 1.6000
125.2600 -1.7595 1.6000
120.2600 -1.8315 1.6000
122.7740 -2.7954 1.6000
122.7460 -0.7956 1.6000
125.4270 -1.7729 1.6000
120.4270 -1.8153 1.6000
122.9350 -2.7940 1.6000
122.9180 -0.7941 1.6000
125.5930 -1.7554 1.6000
120.5940 -1.8279 1.6000
123.1080 -2.7916 1.6000
123.0790 -0.7918 1.6000
125.7600 -1.7670 1.6000
120.7600 -1.8133 1.6000
123.2690 -2.7901 1.6000
123.2510 -0.7902 1.6000
125.9260 -1.7314 1.6000
120.9270 -1.8415 1.6000
123.4490 -2.7862 1.6000
123.4050 -0.7867 1.6000
126.0930 -1.7503 1.6000
121.0940 -1.8181 1.6000
123.6070 -2.7841 1.6000
123.5800 -0.7843 1.6000
126.2600 -1.7415 1.6000
121.2600 -1.8216 1.6000
123.7760 -2.7814 1.6000
123.7440 -0.7817 1.6000
126.4260 -1.7150 1.6000
121.4280 -1.8397 1.6000
123.9520 -2.7771 1.6000
123.9020 -0.7777 1.6000
126.5930 -1.7287 1.6000
121.5940 -1.8200 1.6000
124.1120 -2.7742 1.6000
124.0750 -0.7745 1.6000
126.7590 -1.7042 1.6000
121.7610 -1.8357 1.6000
124.2860 -2.7696 1.6000
124.2340 -0.7703 1.6000
126.9250 -1.6822 1.6000
121.9280 -1.8467 1.6000
124.4600 -2.7639 1.6000
124.3940 -0.7650 1.6000
127.0920 -1.6858 1.6000
122.0950 -1.8333 1.6000
124.6230 -2.7591 1.6000
124.5640 -0.7600 1.6000
127.2580 -1.6556 1.6000
122.2620 -1.8505 1.6000
124.7990 -2.7523 1.6000
124.7210 -0.7538 1.6000
127.4260 -1.6801 1.6000
122.4280 -1.8169 1.6000
124.9540 -2.7481 1.6000
124.8990 -0.7489 1.6000
127.5920 -1.6477 1.6000
122.5950 -1.8366 1.6000
125.1310 -2.7415 1.6000
125.0560 -0.7429 1.6000
127.7590 -1.6764 1.6000
122.7610 -1.7997 1.6000
125.2850 -2.7378 1.6000
125.2350 -0.7384 1.6000
127.9260 -1.6523 1.6000
122.9280 -1.8131 1.6000
125.4590 -2.7322 1.6000
125.3950 -0.7332 1.6000
128.0930 -1.6631 1.6000
123.0940 -1.7936 1.6000
125.6200 -2.7280 1.6000
125.5670 -0.7287 1.6000
128.2590 -1.6471 1.6000
123.2610 -1.7994 1.6000
125.7910 -2.7228 1.6000
125.7300 -0.7237 1.6000
128.4250 -1.6338 1.6000
123.4280 -1.8016 1.6000
125.9600 -2.7171 1.6000
125.8930 -0.7183 1.6000
128.5920 -1.6405 1.6000
123.5940 -1.7852 1.6000
126.1220 -2.7125 1.6000
126.0650 -0.7133 1.6000
128.7590 -1.6233 1.6000
123.7620 -1.7912 1.6000
126.2940 -2.7067 1.6000
126.2270 -0.7078 1.6000
128.9250 -1.6204 1.6000
123.9280 -1.7833 1.6000
126.4590 -2.7013 1.6000
126.3940 -0.7024 1.6000
129.0920 -1.6240 1.6000
124.0950 -1.7700 1.6000
126.6230 -2.6965 1.6000
126.5640 -0.6974 1.6000
129.2590 -1.6064 1.6000
124.2620 -1.7763 1.6000
126.7940 -2.6907 1.6000
126.7260 -0.6919 1.6000
129.4250 -1.6025 1.6000
124.4280 -1.7690 1.6000
126.9600 -2.6852 1.6000
126.8940 -0.6863 1.6000
129.5920 -1.5935 1.6000
124.5950 -1.7665 1.6000
127.1280 -2.6794 1.6000
127.0590 -0.6806 1.6000
129.7590 -1.5969 1.6000
124.7610 -1.7527 1.6000
127.2910 -2.6743 1.6000
127.2290 -0.6753 1.6000
129.9260 -1.6030 1.6000
124.9280 -1.7376 1.6000
127.4540 -2.6700 1.6000
127.4000 -0.6707 1.6000
130.0930 -1.6070 1.6000
125.0940 -1.7257 1.6000
127.6170 -2.6661 1.6000
127.5700 -0.6666 1.6000
130.2590 -1.5998 1.6000
125.2610 -1.7246 1.6000
127.7850 -2.6619 1.6000
127.7350 -0.6625 1.6000
130.4260 -1.6036 1.6000
125.4270 -1.7135 1.6000
127.9490 -2.6583 1.6000
127.9050 -0.6588 1.6000
130.5930 -1.5981 1.6000
125.5940 -1.7114 1.6000
128.1160 -2.6545 1.6000
128.0710 -0.6550 1.6000
130.7590 -1.5783 1.6000
125.7610 -1.7217 1.6000
128.2890 -2.6496 1.6000
128.2310 -0.6504 1.6000
130.9260 -1.5911 1.6000
125.9270 -1.7015 1.6000
128.4490 -2.6460 1.6000
128.4050 -0.6465 1.6000
131.0930 -1.5855 1.6000
126.0940 -1.6995 1.6000
128.6160 -2.6422 1.6000
128.5710 -0.6428 1.6000
131.2600 -1.6114 1.6000
126.2600 -1.6697 1.6000
128.7720 -2.6405 1.6000
128.7480 -0.6406 1.6000
131.4260 -1.6003 1.6000
126.4270 -1.6758 1.6000
128.9420 -2.6379 1.6000
128.9120 -0.6382 1.6000
131.5930 -1.6157 1.6000
126.5930 -1.6576 1.6000
129.1020 -2.6366 1.6000
129.0850 -0.6367 1.6000
131.7600 -1.6162 1.6000
126.7600 -1.6545 1.6000
129.2680 -2.6353 1.6000
129.2520 -0.6354 1.6000
131.9270 -1.6059 1.6000
126.9270 -1.6612 1.6000
129.4380 -2.6335 1.6000
129.4160 -0.6336 1.6000
132.0930 -1.5740 1.6000
127.0940 -1.6856 1.6000
129.6160 -2.6295 1.6000
129.5710 -0.6300 1.6000
132.2600 -1.5870 1.6000
127.2600 -1.6673 1.6000
129.7760 -2.6270 1.6000
129.7440 -0.6272 1.6000
132.4260 -1.5810 1.6000
127.4270 -1.6674 1.6000
129.9440 -2.6241 1.6000
129.9090 -0.6244 1.6000
132.5930 -1.6073 1.6000
127.5930 -1.6390 1.6000
130.1000 -2.6232 1.6000
130.0870 -0.6232 1.6000
132.7600 -1.5836 1.6000
127.7600 -1.6578 1.6000
130.2750 -2.6206 1.6000
130.2450 -0.6208 1.6000
132.9270 -1.5893 1.6000
127.9270 -1.6482 1.6000
130.4390 -2.6187 1.6000
130.4150 -0.6188 1.6000
133.0930 -1.5677 1.6000
128.0940 -1.6634 1.6000
130.6130 -2.6154 1.6000
130.5740 -0.6157 1.6000
133.2600 -1.6074 1.6000
128.2600 -1.6227 1.6000
130.7630 -2.6150 1.6000
130.7570 -0.6150 1.6000
133.4260 -1.5709 1.6000
128.4270 -1.6537 1.6000
130.9430 -2.6121 1.6000
130.9100 -0.6124 1.6000
133.5930 -1.5910 1.6000
128.5930 -1.6309 1.6000
131.1010 -2.6109 1.6000
131.0850 -0.6110 1.6000
133.7600 -1.5625 1.6000
128.7600 -1.6533 1.6000
131.2780 -2.6077 1.6000
131.2420 -0.6081 1.6000
133.9270 -1.5871 1.6000
128.9270 -1.6261 1.6000
131.4350 -2.6066 1.6000
131.4190 -0.6066 1.6000
134.0930 -1.5753 1.6000
129.0940 -1.6341 1.6000
131.6050 -2.6046 1.6000
131.5820 -0.6047 1.6000
134.2600 -1.5753 1.6000
129.2600 -1.6303 1.6000
131.7710 -2.6028 1.6000
131.7490 -0.6029 1.6000
134.4270 -1.5727 1.6000
129.4270 -1.6292 1.6000
131.9380 -2.6009 1.6000
131.9150 -0.6010 1.6000
134.5930 -1.5727 1.6000
129.5940 -1.6256 1.6000
132.1040 -2.5991 1.6000
132.0830 -0.5992 1.6000
134.7600 -1.5933 1.6000
129.7600 -1.6043 1.6000
132.2620 -2.5988 1.6000
132.2580 -0.5988 1.6000
134.9270 -1.5695 1.6000
129.9270 -1.6244 1.6000
132.4380 -2.5969 1.6000
132.4160 -0.5970 1.6000
135.0930 -1.5586 1.6000
130.0940 -1.6305 1.6000
132.6080 -2.5945 1.6000
132.5790 -0.5947 1.6000
135.2600 -1.5696 1.6000
130.2600 -1.6164 1.6000
132.7690 -2.5930 1.6000
132.7510 -0.5931 1.6000
135.4270 -1.5673 1.6000
130.4270 -1.6155 1.6000
132.9360 -2.5914 1.6000
132.9170 -0.5915 1.6000
135.5930 -1.5576 1.6000
130.5940 -1.6210 1.6000
133.1060 -2.5892 1.6000
133.0810 -0.5894 1.6000
135.7600 -1.5557 1.6000
130.7600 -1.6187 1.6000
133.2730 -2.5871 1.6000
133.2470 -0.5873 1.6000
135.9260 -1.5412 1.6000
130.9270 -1.6274 1.6000
133.4440 -2.5842 1.6000
133.4100 -0.5845 1.6000
136.0930 -1.5583 1.6000
131.0940 -1.6071 1.6000
133.6030 -2.5827 1.6000
133.5840 -0.5827 1.6000
136.2600 -1.5452 1.6000
131.2600 -1.6155 1.6000
133.7740 -2.5803 1.6000
133.7460 -0.5805 1.6000
136.4270 -1.5690 1.6000
131.4270 -1.5903 1.6000
133.9310 -2.5796 1.6000
133.9220 -0.5797 1.6000
136.5930 -1.5441 1.6000
131.5940 -1.6107 1.6000
134.1070 -2.5773 1.6000
134.0800 -0.5775 1.6000
136.7600 -1.5313 1.6000
131.7600 -1.6178 1.6000
134.2770 -2.5744 1.6000
134.2430 -0.5747 1.6000
136.9260 -1.5306 1.6000
131.9270 -1.6130 1.6000
134.4430 -2.5717 1.6000
134.4100 -0.5719 1.6000
137.0930 -1.5416 1.6000
132.0940 -1.5982 1.6000
134.6050 -2.5699 1.6000
134.5820 -0.5700 1.6000
137.2600 -1.5476 1.6000
132.2600 -1.5894 1.6000
134.7680 -2.5685 1.6000
134.7520 -0.5686 1.6000
137.4270 -1.5441 1.6000
132.4270 -1.5899 1.6000
134.9360 -2.5669 1.6000
134.9180 -0.5670 1.6000
137.5930 -1.5802 1.6000
132.5930 -1.5554 1.6000
135.0880 -2.5678 1.6000
135.0980 -0.5678 1.6000
137.7600 -1.5447 1.6000
132.7600 -1.5880 1.6000
135.2690 -2.5663 1.6000
135.2510 -0.5664 1.6000
137.9270 -1.5658 1.6000
132.9270 -1.5669 1.6000
135.4270 -2.5663 1.6000
135.4260 -0.5663 1.6000
138.0930 -1.5779 1.6000
133.0930 -1.5562 1.6000
135.5890 -2.5671 1.6000
135.5980 -0.5671 1.6000
138.2600 -1.5866 1.6000
133.2600 -1.5500 1.6000
135.7530 -2.5683 1.6000
135.7670 -0.5683 1.6000
138.4270 -1.5899 1.6000
133.4270 -1.5494 1.6000
135.9190 -2.5696 1.6000
135.9350 -0.5697 1.6000
138.5930 -1.6251 1.6000
133.5940 -1.5211 1.6000
136.0720 -2.5729 1.6000
136.1140 -0.5733 1.6000
138.7600 -1.5953 1.6000
133.7600 -1.5537 1.6000
136.2520 -2.5745 1.6000
136.2680 -0.5745 1.6000
138.9270 -1.5940 1.6000
133.9270 -1.5574 1.6000
136.4190 -2.5757 1.6000
136.4340 -0.5757 1.6000
139.0930 -1.6075 1.6000
134.0930 -1.5479 1.6000
136.5810 -2.5776 1.6000
136.6050 -0.5778 1.6000
139.2600 -1.6029 1.6000
134.2600 -1.5556 1.6000
136.7510 -2.5792 1.6000
136.7690 -0.5793 1.6000
139.4270 -1.5945 1.6000
134.4270 -1.5659 1.6000
136.9210 -2.5802 1.6000
136.9320 -0.5802 1.6000
139.5930 -1.5899 1.6000
134.5930 -1.5718 1.6000
137.0900 -2.5808 1.6000
137.0970 -0.5808 1.6000
139.7600 -1.6075 1.6000
134.7600 -1.5575 1.6000
137.2500 -2.5824 1.6000
137.2700 -0.5825 1.6000
139.9270 -1.5972 1.6000
134.9270 -1.5696 1.6000
137.4210 -2.5834 1.6000
137.4320 -0.5834 1.6000
140.0930 -1.5761 1.6000
135.0930 -1.5898 1.6000
137.5960 -2.5829 1.6000
137.5910 -0.5829 1.6000
140.2600 -1.5910 1.6000
135.2600 -1.5759 1.6000
137.7570 -2.5835 1.6000
137.7630 -0.5835 1.6000
140.4270 -1.5831 1.6000
135.4270 -1.5837 1.6000
137.9270 -2.5834 1.6000
137.9270 -0.5834 1.6000
140.5930 -1.5823 1.6000
135.5930 -1.5844 1.6000
138.0940 -2.5834 1.6000
138.0930 -0.5834 1.6000
140.7600 -1.5965 1.6000
135.7600 -1.5719 1.6000
138.2550 -2.5842 1.6000
138.2650 -0.5842 1.6000
140.9270 -1.5645 1.6000
135.9270 -1.6014 1.6000
138.4340 -2.5829 1.6000
138.4190 -0.5830 1.6000
141.0930 -1.5964 1.6000
136.0930 -1.5712 1.6000
138.5880 -2.5838 1.6000
138.5980 -0.5838 1.6000
141.2600 -1.5883 1.6000
136.2600 -1.5798 1.6000
138.7580 -2.5841 1.6000
138.7620 -0.5841 1.6000
141.4270 -1.5876 1.6000
136.4270 -1.5810 1.6000
138.9250 -2.5843 1.6000
138.9280 -0.5843 1.6000
141.5930 -1.5977 1.6000
136.5930 -1.5725 1.6000
139.0880 -2.5851 1.6000
139.0980 -0.5851 1.6000
141.7600 -1.6119 1.6000
136.7600 -1.5617 1.6000
139.2500 -2.5867 1.6000
139.2700 -0.5869 1.6000
141.9260 -1.6267 1.6000
136.9270 -1.5518 1.6000
139.4120 -2.5892 1.6000
139.4420 -0.5894 1.6000
142.0930 -1.6373 1.6000
137.0940 -1.5473 1.6000
139.5750 -2.5921 1.6000
139.6110 -0.5925 1.6000
142.2600 -1.6401 1.6000
137.2600 -1.5504 1.6000
139.7420 -2.5951 1.6000
139.7780 -0.5955 1.6000
142.4260 -1.6431 1.6000
137.4270 -1.5535 1.6000
139.9090 -2.5981 1.6000
139.9450 -0.5984 1.6000
142.5930 -1.6618 1.6000
137.5940 -1.5427 1.6000
140.0690 -2.6020 1.6000
140.1170 -0.6025 1.6000
142.7590 -1.6790 1.6000
137.7610 -1.5351 1.6000
140.2310 -2.6066 1.6000
140.2890 -0.6075 1.6000
142.9250 -1.6964 1.6000
137.9280 -1.5288 1.6000
140.3930 -2.6121 1.6000
140.4600 -0.6132 1.6000
143.0910 -1.7119 1.6000
138.0950 -1.5258 1.6000
140.5560 -2.6181 1.6000
140.6300 -0.6195 1.6000
143.2580 -1.7208 1.6000
138.2620 -1.5296 1.6000
140.7220 -2.6245 1.6000
140.7980 -0.6259 1.6000
143.4240 -1.7553 1.6000
138.4290 -1.5114 1.6000
140.8780 -2.6321 1.6000
140.9750 -0.6345 1.6000
143.5920 -1.7014 1.6000
138.5940 -1.5737 1.6000
141.0680 -2.6373 1.6000
141.1190 -0.6379 1.6000
143.7580 -1.7436 1.6000
138.7620 -1.5448 1.6000
141.2200 -2.6434 1.6000
141.3000 -0.6450 1.6000
143.9250 -1.7341 1.6000
138.9280 -1.5656 1.6000
141.3930 -2.6493 1.6000
141.4600 -0.6504 1.6000
144.0910 -1.7542 1.6000
139.0950 -1.5585 1.6000
141.5540 -2.6556 1.6000
141.6320 -0.6571 1.6000
144.2580 -1.7523 1.6000
139.2620 -1.5724 1.6000
141.7240 -2.6617 1.6000
141.7960 -0.6630 1.6000
144.4230 -1.7972 1.6000
139.4300 -1.5444 1.6000
141.8760 -2.6695 1.6000
141.9770 -0.6721 1.6000
144.5910 -1.7833 1.6000
139.5950 -1.5723 1.6000
142.0510 -2.6769 1.6000
142.1350 -0.6787 1.6000
144.7580 -1.7831 1.6000
139.7620 -1.5857 1.6000
142.2200 -2.6836 1.6000
142.2990 -0.6852 1.6000
144.9250 -1.7837 1.6000
139.9280 -1.5975 1.6000
142.3890 -2.6899 1.6000
142.4640 -0.6913 1.6000
145.0920 -1.7887 1.6000
140.0950 -1.6047 1.6000
142.5560 -2.6961 1.6000
142.6300 -0.6974 1.6000
145.2580 -1.8006 1.6000
140.2620 -1.6058 1.6000
142.7210 -2.7025 1.6000
142.7990 -0.7040 1.6000
145.4240 -1.8125 1.6000
140.4290 -1.6076 1.6000
142.8860 -2.7092 1.6000
142.9680 -0.7109 1.6000
145.5920 -1.7984 1.6000
140.5950 -1.6327 1.6000
143.0600 -2.7150 1.6000
143.1260 -0.7161 1.6000
145.7580 -1.8167 1.6000
140.7620 -1.6271 1.6000
143.2220 -2.7212 1.6000
143.2980 -0.7226 1.6000
145.9250 -1.8046 1.6000
140.9280 -1.6495 1.6000
143.3960 -2.7266 1.6000
143.4580 -0.7275 1.6000
146.0920 -1.8022 1.6000
141.0940 -1.6614 1.6000
143.5650 -2.7314 1.6000
143.6210 -0.7322 1.6000
146.2590 -1.8185 1.6000
141.2610 -1.6559 1.6000
143.7270 -2.7367 1.6000
143.7920 -0.7377 1.6000
146.4260 -1.8145 1.6000
141.4280 -1.6696 1.6000
143.8980 -2.7416 1.6000
143.9560 -0.7424 1.6000
146.5910 -1.8426 1.6000
141.5950 -1.6540 1.6000
144.0560 -2.7476 1.6000
144.1310 -0.7490 1.6000
146.7590 -1.8164 1.6000
141.7610 -1.6887 1.6000
144.2340 -2.7522 1.6000
144.2850 -0.7529 1.6000
146.9250 -1.8414 1.6000
141.9280 -1.6748 1.6000
144.3930 -2.7576 1.6000
144.4600 -0.7587 1.6000
147.0920 -1.8372 1.6000
142.0940 -1.6889 1.6000
144.5640 -2.7626 1.6000
144.6230 -0.7635 1.6000
147.2590 -1.8422 1.6000
142.2610 -1.6938 1.6000
144.7300 -2.7675 1.6000
144.7900 -0.7684 1.6000
147.4260 -1.8432 1.6000
142.4280 -1.7022 1.6000
144.8980 -2.7723 1.6000
144.9550 -0.7731 1.6000
147.5920 -1.8520 1.6000
142.5940 -1.7033 1.6000
145.0640 -2.7772 1.6000
145.1230 -0.7781 1.6000
147.7590 -1.8553 1.6000
142.7610 -1.7097 1.6000
145.2310 -2.7821 1.6000
145.2890 -0.7829 1.6000
147.9270 -1.8000 1.6000
142.9270 -1.7672 1.6000
145.4200 -2.7836 1.6000
145.4330 -0.7836 1.6000
148.0930 -1.8169 1.6000
143.0940 -1.7545 1.6000
145.5810 -2.7856 1.6000
145.6060 -0.7858 1.6000
148.2600 -1.8179 1.6000
143.2600 -1.7575 1.6000
145.7480 -2.7876 1.6000
145.7720 -0.7878 1.6000
148.4270 -1.8106 1.6000
143.4270 -1.7676 1.6000
145.9180 -2.7891 1.6000
145.9350 -0.7892 1.6000
148.5930 -1.8141 1.6000
143.5930 -1.7673 1.6000
146.0840 -2.7906 1.6000
146.1030 -0.7907 1.6000
148.7600 -1.8269 1.6000
143.7600 -1.7590 1.6000
146.2460 -2.7929 1.6000
146.2740 -0.7930 1.6000
148.9270 -1.8035 1.6000
143.9270 -1.7837 1.6000
146.4230 -2.7936 1.6000
146.4310 -0.7936 1.6000
149.0930 -1.8151 1.6000
144.0930 -1.7748 1.6000
146.5850 -2.7949 1.6000
146.6010 -0.7950 1.6000
149.2600 -1.8044 1.6000
144.2600 -1.7867 1.6000
146.7560 -2.7955 1.6000
146.7640 -0.7955 1.6000
149.4270 -1.8100 1.6000
144.4270 -1.7829 1.6000
146.9210 -2.7964 1.6000
146.9320 -0.7965 1.6000
149.5930 -1.8325 1.6000
144.5940 -1.7649 1.6000
147.0800 -2.7986 1.6000
147.1070 -0.7988 1.6000
149.7600 -1.8255 1.6000
144.7600 -1.7752 1.6000
147.2500 -2.8003 1.6000
147.2700 -0.8004 1.6000
149.9260 -1.8343 1.6000
144.9270 -1.7707 1.6000
147.4140 -2.8024 1.6000
147.4390 -0.8026 1.6000
150.0930 -1.8420 1.6000
145.0940 -1.7680 1.6000
147.5790 -2.8049 1.6000
147.6080 -0.8051 1.6000
150.2600 -1.8391 1.6000
145.2600 -1.7751 1.6000
147.7470 -2.8070 1.6000
147.7730 -0.8072 1.6000
150.4270 -1.8214 1.6000
145.4270 -1.7946 1.6000
147.9210 -2.8080 1.6000
147.9320 -0.8080 1.6000
150.5930 -1.8395 1.6000
145.5930 -1.7804 1.6000
148.0820 -2.8099 1.6000
148.1050 -0.8100 1.6000
150.7600 -1.8215 1.6000
145.7600 -1.7999 1.6000
148.2560 -2.8107 1.6000
148.2640 -0.8107 1.6000
150.9270 -1.8326 1.6000
145.9270 -1.7915 1.6000
148.4180 -2.8120 1.6000
148.4350 -0.8121 1.6000
151.0930 -1.8183 1.6000
146.0930 -1.8066 1.6000
148.5910 -2.8124 1.6000
148.5960 -0.8124 1.6000
151.2600 -1.8160 1.6000
146.2600 -1.8093 1.6000
148.7590 -2.8127 1.6000
148.7610 -0.8127 1.6000
151.4270 -1.8218 1.6000
146.4270 -1.8046 1.6000
148.9230 -2.8132 1.6000
148.9300 -0.8132 1.6000
151.5930 -1.8471 1.6000
146.5940 -1.7836 1.6000
149.0810 -2.8153 1.6000
149.1060 -0.8154 1.6000
151.7600 -1.8198 1.6000
146.7600 -1.8115 1.6000
149.2580 -2.8156 1.6000
149.2620 -0.8156 1.6000
151.9270 -1.8320 1.6000
146.9270 -1.8013 1.6000
149.4210 -2.8166 1.6000
149.4330 -0.8167 1.6000
152.0930 -1.8379 1.6000
147.0930 -1.7980 1.6000
149.5850 -2.8180 1.6000
149.6010 -0.8180 1.6000
152.2600 -1.8428 1.6000
147.2600 -1.7963 1.6000
149.7510 -2.8195 1.6000
149.7690 -0.8196 1.6000
152.4270 -1.8441 1.6000
147.4270 -1.7980 1.6000
149.9170 -2.8210 1.6000
149.9360 -0.8211 1.6000
152.5930 -1.8663 1.6000
147.5940 -1.7815 1.6000
150.0760 -2.8237 1.6000
150.1100 -0.8240 1.6000
152.7600 -1.8600 1.6000
147.7600 -1.7923 1.6000
150.2460 -2.8261 1.6000
150.2740 -0.8262 1.6000
152.9260 -1.8679 1.6000
147.9270 -1.7896 1.6000
150.4110 -2.8286 1.6000
150.4420 -0.8289 1.6000
153.0930 -1.8612 1.6000
148.0930 -1.8004 1.6000
150.5810 -2.8307 1.6000
150.6050 -0.8309 1.6000
153.2600 -1.8642 1.6000
148.2600 -1.8015 1.6000
150.7470 -2.8328 1.6000
150.7730 -0.8330 1.6000
153.4260 -1.8763 1.6000
148.4270 -1.7949 1.6000
150.9100 -2.8355 1.6000
150.9430 -0.8357 1.6000
153.5930 -1.8682 1.6000
148.5930 -1.8071 1.6000
151.0810 -2.8376 1.6000
151.1060 -0.8377 1.6000
153.7600 -1.8744 1.6000
148.7600 -1.8055 1.6000
151.2460 -2.8398 1.6000
151.2740 -0.8400 1.6000
153.9260 -1.8872 1.6000
148.9270 -1.7985 1.6000
151.4090 -2.8427 1.6000
151.4440 -0.8430 1.6000
154.0930 -1.8651 1.6000
149.0930 -1.8234 1.6000
151.5850 -2.8442 1.6000
151.6020 -0.8443 1.6000
154.2600 -1.8761 1.6000
149.2600 -1.8164 1.6000
151.7480 -2.8462 1.6000
151.7720 -0.8463 1.6000
154.4270 -1.8662 1.6000
149.4270 -1.8289 1.6000
151.9190 -2.8475 1.6000
151.9340 -0.8475 1.6000
154.5930 -1.8475 1.6000
149.5930 -1.8475 1.6000
152.0930 -2.8475 1.6000
152.0930 -0.8475 1.6000
154.7600 -1.8529 1.6000
149.7600 -1.8428 1.6000
152.2580 -2.8478 1.6000
152.2620 -0.8478 1.6000
154.9270 -1.8769 1.6000
149.9270 -1.8224 1.6000
152.4160 -2.8496 1.6000
152.4380 -0.8497 1.6000
155.0930 -1.8528 1.6000
150.0930 -1.8469 1.6000
152.5920 -2.8499 1.6000
152.5950 -0.8499 1.6000
155.2600 -1.8549 1.6000
150.2600 -1.8455 1.6000
152.7580 -2.8502 1.6000
152.7620 -0.8502 1.6000
155.4270 -1.8613 1.6000
150.4270 -1.8405 1.6000
152.9230 -2.8508 1.6000
152.9310 -0.8509 1.6000
155.5930 -1.8440 1.6000
150.5930 -1.8568 1.6000
153.0960 -2.8504 1.6000
153.0910 -0.8504 1.6000
155.7600 -1.8278 1.6000
150.7600 -1.8703 1.6000
153.2690 -2.8490 1.6000
153.2520 -0.8491 1.6000
155.9270 -1.8403 1.6000
150.9270 -1.8566 1.6000
153.4300 -2.8485 1.6000
153.4230 -0.8485 1.6000
